PIT	Length	Weight	Tank	Sex	Site
919540	465	1514	1	U	1
918025	455	1250	1	U	1
917803	405	937	1	U	1
918763	505	2667	4	M	2
917365	500	2204	4	U	2
916380	520	2336	4	U	2
9186524	535	3065	4	U	2
915778	490	1774	4	U	2
916993	435	1426	3	U	1
916238	475	1545	3	U	1
916890	475	1408	3	U	1
919647	525	2424	3	M	1
916592	435	1224	3	M	1
918602	465	1572	3	U	1
917824	460	1198	3	U	1
917332	495	2118	3	U	1
917463	475	1418	3	U	1
918936	490	2317	3	M	1
916422	420	1069	3	U	1
917426	505	1889	3	M	1
917919	470	1468	3	U	1
917067	435	1291	3	U	1
917485	445	1236	3	U	1
917035	455	1425	3	U	1
9168104	485	1840	3	U	1
918162	NA	1520	3	U	1
919852	455	1637	3	U	1
918969	465	1563	3	M	1
920508	485	1627	3	U	1
9163844	430	1236	3	U	1
915644	515	2191	3	M	1
9169034	460	1390	3	M	1
919492	480	1635	3	U	1
917157	475	1701	3	M	1
917720	410	904	4	U	2
919435	510	2202	4	U	2
9191934	445	1233	4	U	2
918730	485	2042	4	U	2
918178	505	2225	4	U	2
920166	530	3143	4	U	2
9196545	485	1713	1	U	1
920081	360	637	1	U	1
919008	430	1328	1	U	1
915894	430	1242	1	U	1
917125	465	1560	1	M	1
915782	460	1670	1	U	1
919700	485	1626	1	M	1
918423	470	1535	1	U	1
917997	450	1268	1	U	1
917403	500	1923	1	U	1
915671	355	584	1	U	1
916368	410	963	1	U	1
915817	490	1642	1	U	1
918665	500	1836	1	M	1
920044	415	836	1	U	1
917727	485	1576	1	M	1
918212	430	1083	1	U	1
920179	445	1477	3	U	1
916116	515	2170	3	U	1
919408	475	1773	3	U	1
919926	430	1208	3	U	1
917171	405	1137	3	U	1
917189	420	1420	3	U	1
916858	460	1354	3	U	1
920483	460	1325	3	U	1
915677	450	1458	3	U	1
916222	440	1389	3	U	1
917431	475	1865	3	U	1
915812	430	1339	3	M	1
916181	390	934	3	U	1
919522	460	1380	3	U	1
918575	430	1244	3	U	1
916661	455	1608	3	M	1
919384	475	1850	3	U	1
915665	425	1140	3	U	1
917222	455	1761	3	U	1
920129	505	2412	3	M	1
920297	405	942	3	U	1
916941	430	1153	3	U	1
917723	475	1760	3	U	1
917938	440	1152	3	U	1
918897	505	2265	3	U	1
916053	485	1300	3	M	1
917015	490	1994	3	M	1
918478	420	1179	3	U	1
919152	455	1781	3	M	1
915849	465	1648	3	M	1
919092	485	1956	1	M	1
918625	460	1333	1	U	1
917538	440	1173	1	U	1
915820	410	1144	1	U	1
920565	470	1617	1	U	1
917620	435	1055	1	M	1
916333	425	1256	1	U	1
920293	400	968	1	U	1
919560	465	1505	1	M	1
918746	445	1519	1	M	1
916637	450	1218	1	U	1
916411	430	1269	1	U	1
916513	495	1826	1	M	1
920139	455	1433	1	M	1
916866	415	955	1	U	1
916195	480	1714	1	U	1
915634	445	1345	1	U	1
920309	430	1232	1	M	1
916254	490	1941	1	U	1
916385	430	1289	1	U	1
917623	465	1357	1	U	1
915683	435	1394	1	U	1
920279	385	827	1	U	1
916078	500	2080	1	U	1
919528	410	826	1	U	1
919786	455	1525	1	U	1
918147	485	1921	1	U	1
918145	400	916	1	U	1
918347	415	1144	1	U	1
916869	425	1092	1	U	1
917917	505	1942	1	U	1
918295	420	1191	1	M	1
916334	460	1398	1	U	1
920188	470	1761	1	M	1
919496	410	1166	1	U	1
916281	380	848	1	U	1
920028	460	1468	1	U	1
919175	440	1391	1	U	1
916382	425	1289	1	U	1
918504	470	1688	1	U	1
919689	420	1337	1	U	1
918481	490	1757	1	M	1
920442	490	1812	1	M	1
915854	425	1090	1	U	1
916024	460	1391	1	U	1
918114	450	1343	1	U	1
918601	405	905	1	U	1
920306	465	1591	1	M	1
917369	380	707	1	U	1
918824	390	892	1	U	1
916831	440	1154	1	U	1
919500	495	1527	1	M	1
917772	475	1276	1	U	1
919738	495	1740	1	M	1
918502	450	1412	1	U	1
916656	475	1628	1	M	1
919171	500	1778	1	U	1
918491	390	740	1	U	1
918119	420	942	1	U	1
919018	455	1209	1	M	1
919784	455	1543	1	M	1
919504	460	1501	1	U	1
918479	450	1509	1	U	1
918767	465	1813	1	M	1
919025	515	2355	1	M	1
917102	465	1590	1	U	1
918250	480	1408	1	M	1
917381	445	1305	1	U	1
917477	400	871	1	U	1
917760	450	1358	1	U	1
917479	450	1198	1	U	1
915845	465	1806	1	U	1
920066	405	808	1	U	1
917001	480	1643	1	M	1
915702	415	1148	1	U	1
919979	485	1926	1	U	1
917563	425	1193	1	U	1
916201	465	1550	1	U	1
917562	495	1723	1	U	1
917719	465	1401	1	U	1
917627	440	1210	1	U	1
916004	385	662	1	U	1
917944	390	753	1	U	1
920308	445	1518	1	M	1
919416	440	1313	1	U	1
918256	455	1271	1	U	1
919219	485	1707	1	U	1
918410	440	1378	1	M	1
916531	495	1920	1	M	1
917445	445	1244	1	U	1
916109	415	1280	1	U	1
919042	520	2466	1	M	1
915821	460	1485	1	U	1
919629	485	1946	1	U	1
915925	430	1445	1	U	1
918144	430	1127	1	U	1
917047	465	1460	1	M	1
918433	495	1702	1	M	1
916365	470	1724	1	U	1
919661	410	966	1	U	1
919984	435	1152	1	U	1
920161	430	1034	1	U	1
918560	485	1647	1	U	1
920211	495	1794	1	U	1
918402	385	657	1	U	1
919485	475	1515	1	M	1
917712	440	924	1	U	1
917170	495	1979	1	M	1
916124	445	1352	1	M	1
916741	460	1563	1	U	1
918460	415	1164	1	M	1
920506	425	1134	1	U	1
918509	400	935	1	U	1
918357	435	1069	1	U	1
917062	465	1620	1	U	1
919074	475	1654	1	U	1
915824	350	531	1	U	1
916257	470	1898	1	U	1
920083	445	1450	1	M	1
918201	460	1380	1	U	1
916652	475	1523	1	M	1
919890	505	2018	1	M	1
916686	475	1742	1	M	1
920100	490	1627	1	M	1
916774	435	1189	1	U	1
915754	465	1665	1	U	1
920373	485	1689	1	U	1
916461	440	1374	1	U	1
918307	445	1328	1	U	1
918245	475	1690	1	U	1
918053	470	1656	1	M	1
918033	460	1538	1	U	1
918610	420	951	1	U	1
918176	360	577	1	U	1
916010	415	984	1	U	1
920143	425	1025	1	U	1
920291	485	1688	1	M	1
918428	415	963	1	U	1
916381	465	1658	1	M	1
918914	455	1831	1	U	1
919393	475	1731	1	M	1
919452	430	1072	1	U	1
919481	440	1057	1	U	1
917864	495	1804	1	M	1
917464	485	1832	1	U	1
920249	495	1837	1	U	1
917207	365	810	1	U	1
917843	515	2154	1	M	1
919010	425	950	1	U	1
917731	530	2419	1	U	1
918164	475	1846	1	U	1
919625	450	1183	1	U	1
916917	455	1431	1	U	1
916318	455	1282	1	U	1
917312	350	931	1	U	1
918037	405	872	1	U	1
919876	400	929	1	U	1
918171	430	1195	1	U	1
919590	400	1294	1	U	1
916390	455	1400	1	U	1
917930	465	1774	1	U	1
918064	485	1763	1	M	1
917984	435	1253	1	U	1
916246	415	1213	1	U	1
917848	510	1851	1	M	1
917626	400	879	1	U	1
917133	500	2205	1	U	1
919263	485	1633	1	U	1
917820	435	956	1	U	1
917359	425	1259	1	U	1
918050	480	1673	1	M	1
916140	480	1665	1	U	1
919141	465	1645	1	U	1
918168	420	1106	1	U	1
916933	420	1065	1	U	1
917766	485	1778	1	U	1
917756	455	1585	1	M	1
919421	460	1520	1	U	1
915714	465	1620	1	U	1
916169	445	1398	1	M	1
916337	400	NA	1	U	1
916566	415	1229	1	U	1
917575	350	775	1	U	1
919922	430	1263	1	U	1
917775	435	1231	1	U	1
915919	405	1020	1	U	1
920560	445	1541	1	U	1
919336	455	1442	1	U	1
919206	465	1345	1	U	1
918540	475	1513	1	M	1
919709	385	922	1	U	1
916230	445	1407	1	M	1
919109	475	1729	1	M	1
916600	460	1484	1	U	1
920487	435	1305	1	U	1
918823	425	957	1	U	1
916020	500	1783	1	M	1
917087	450	1280	1	U	1
916915	460	1487	1	U	1
916826	450	1434	1	U	1
915699	435	1124	1	U	1
918627	430	983	1	M	1
918312	475	1554	1	U	1
918642	470	1628	1	U	1
918715	375	638	1	U	1
916510	455	1331	1	U	1
919676	465	1453	1	U	1
920392	390	916	1	U	1
918579	425	1002	1	U	1
917491	NA	882	1	U	1
917269	365	631	1	U	1
918027	430	1265	1	M	1
919515	450	1156	1	U	1
916992	470	1519	1	U	1
916045	445	1425	1	U	1
919783	480	2057	1	M	1
918655	505	2353	1	U	1
919203	485	1699	1	U	1
916862	470	1678	1	U	1
919660	425	1376	1	U	1
917739	395	698	1	U	1
920134	455	1520	1	U	1
918566	445	1482	1	U	1
918719	395	856	1	U	1
916299	430	1214	1	U	1
917092	NA	1401	1	U	1
918285	440	1412	1	U	1
915912	440	1407	1	U	1
916627	425	986	1	U	1
920132	415	854	1	U	1
920217	375	646	1	U	1
917829	485	1905	1	U	1
917160	525	2397	1	M	1
920122	425	1601	1	U	1
917478	460	1548	1	U	1
915620	480	1822	1	U	1
916935	385	775	1	U	1
918853	440	1309	1	U	1
917718	535	2178	1	U	1
916274	485	1858	1	M	1
919798	445	1394	1	M	1
916719	415	923	1	U	1
916844	425	1330	1	U	1
917247	415	910	1	U	1
918099	455	1606	1	U	1
920269	505	2101	1	U	1
917591	445	1393	1	U	1
919047	500	1838	1	U	1
918109	440	1254	1	U	1
916779	475	1767	1	U	1
916190	455	1542	1	U	1
915827	400	755	1	U	1
917685	470	1527	1	U	1
919243	505	2209	1	U	1
917790	455	1212	1	M	1
919535	470	1868	1	M	1
916285	470	1659	1	U	1
916897	460	1588	1	U	1
916103	445	1512	1	U	1
917566	475	1536	1	M	1
918303	420	1090	1	U	1
916736	365	660	1	U	1
918155	465	1337	1	M	1
916096	455	1627	1	U	1
919761	435	1112	1	U	1
920514	510	1805	1	U	1
917647	505	2110	1	M	1
918274	480	1745	1	U	1
919252	440	1584	1	U	1
919664	480	1735	1	M	1
920204	455	1321	1	U	1
919323	500	2041	1	M	1
915690	465	1869	1	M	1
917051	380	828	1	U	1
916711	430	1382	1	U	1
918081	440	1204	1	U	1
918121	460	1490	1	U	1
915595	475	1536	1	U	1
916999	445	1443	1	U	1
918427	375	1033	1	U	1
915884	370	813	1	U	1
920319	340	605	1	U	1
916178	465	1530	1	U	1
919093	435	1520	1	U	1
917089	465	1433	1	U	1
915903	435	1349	1	U	1
916970	390	807	1	U	1
917351	505	2054	1	M	1
917228	420	1393	1	U	1
919902	450	1447	1	M	1
915712	440	1221	1	U	1
918887	500	2187	1	U	1
917907	380	737	1	U	1
917343	485	1712	1	U	1
920397	470	1572	1	U	1
916162	465	1740	1	U	1
916436	475	1950	1	U	1
918049	395	845	1	U	1
919400	440	1118	1	U	1
916275	420	1458	1	U	1
918993	505	2329	1	U	1
9171292	475	1617	1	U	1
916144	465	1686	1	U	1
917507	435	1337	1	U	1
915750	415	1149	1	U	1
917311	415	1056	1	U	1
919939	430	1059	1	U	1
917857	425	933	1	U	1
919644	465	1611	1	M	1
919712	450	1433	1	U	1
916452	NA	1420	1	U	1
9202514	495	1955	1	M	1
917494	460	1600	1	U	1
918768	470	1604	1	U	1
916799	455	1523	1	U	1
919412	460	1933	1	M	1
917592	435	1135	1	U	1
915801	450	1582	1	U	1
919247	460	1558	1	U	1
917320	485	1892	1	U	1
917688	440	1284	1	U	1
916597	475	1804	1	U	1
918167	390	NA	1	U	1
916653	455	1550	1	U	1
918249	360	738	1	U	1
917735	455	1454	1	U	1
918452	460	1420	1	U	1
920104	490	2008	1	U	1
916046	450	1381	1	U	1
918154	415	1133	1	U	1
918017	465	1735	1	U	1
916705	465	1445	1	U	1
918984	500	2003	1	U	1
919269	465	1709	1	U	1
917634	455	1604	1	U	1
918406	415	953	1	U	1
918635	450	1394	1	U	1
920410	440	1281	1	U	1
915656	430	1135	1	U	1
916431	470	1675	1	U	1
916927	405	999	1	U	1
915718	435	1301	1	U	1
916330	465	1484	1	U	1
919510	420	1040	1	U	1
919118	470	1767	1	M	1
916489	455	1318	1	U	1
917958	435	1409	1	U	1
915733	410	927	1	U	1
916877	465	1697	1	U	1
916842	480	1779	1	M	1
916853	495	2162	1	M	1
915879	435	1526	1	U	1
918408	430	1346	1	U	1
916179	400	951	1	U	1
919597	435	1359	1	U	1
920383	425	1072	1	U	1
917321	500	1808	1	M	1
919287	465	1759	1	U	1
917738	430	977	1	U	1
920090	435	1391	1	U	1
919785	440	1345	1	M	1
920421	390	1095	1	U	1
918832	425	1154	1	U	1
919422	455	1629	1	U	1
916226	505	2383	1	U	1
917619	460	1400	1	U	1
916726	395	1145	1	U	1
916822	440	1488	1	U	1
917583	510	1996	1	U	1
919541	430	1420	1	U	1
919778	435	1402	1	M	1
918731	460	1441	1	U	1
917740	480	1691	1	U	1
918010	500	1978	1	U	1
919154	465	1502	1	U	1
920193	475	1809	1	M	1
917631	455	1359	1	U	1
920156	430	1067	1	M	1
919653	455	1354	1	U	1
916104	455	1499	1	U	1
920123	500	2761	1	M	1
916940	430	1302	1	U	1
916634	455	1523	1	U	1
916910	450	1401	1	U	1
915736	465	1432	1	U	1
918569	500	1899	1	U	1
916952	425	953	1	U	1
918437	455	1963	1	M	1
915850	435	1069	1	U	1
916420	400	877	1	U	1
919202	475	1803	1	U	1
919763	465	1478	1	U	1
916405	495	1759	1	U	1
917715	395	786	1	U	1
918780	475	NA	1	M	1
917950	445	NA	1	U	1
916312	420	1174	1	U	1
918964	430	1289	1	U	1
920195	465	1685	1	U	1
916413	370	730	1	U	1
916141	500	1896	1	M	1
917180	430	1364	1	U	1
916781	425	1103	1	U	1
919292	475	1570	1	M	1
918603	430	1141	1	U	1
918228	NA	NA	NA	NA	NA
919215	505	2250	1	U	1
918646	470	1651	1	U	1
918205	415	1132	1	U	1
916950	NA	1535	1	U	1
918002	415	1138	1	U	1
916628	490	1656	1	U	1
918904	485	1749	1	U	1
916569	450	1543	1	U	1
917779	NA	888	1	U	1
919753	440	1219	1	U	1
917277	NA	1927	1	U	1
920354	NA	1333	1	M	1
915844	435	1192	1	U	1
918359	460	1370	1	U	1
918089	450	1361	1	U	1
919149	480	1570	1	U	1
916766	435	1373	1	U	1
920545	420	1195	1	U	1
919190	335	799	1	U	1
920295	450	1340	1	U	1
919107	445	1197	1	U	1
918792	410	1097	1	U	1
915832	445	1371	1	U	1
916119	450	1206	1	U	1
917741	480	1670	1	U	1
917245	435	1291	1	U	1
915649	465	1307	1	M	1
918851	440	1378	1	U	1
919727	505	2228	1	U	1
916638	485	1720	1	U	1
919665	440	1287	1	M	1
917013	485	1618	1	U	1
919573	460	1597	1	U	1
918422	470	1880	1	U	1
917198	485	1643	1	M	1
919646	440	1355	1	U	1
915868	465	1683	1	M	1
919896	445	1215	1	U	1
915594	430	1077	1	U	1
915783	485	1518	1	U	1
920529	440	1131	1	U	1
917081	445	1634	1	U	1
919394	500	2943	1	U	1
917773	425	1026	1	U	1
917366	480	2162	1	U	1
919165	435	961	1	U	1
919114	460	1535	1	U	1
919299	480	1497	1	U	1
917545	450	1369	1	U	1
919036	450	1166	1	U	1
920274	410	908	1	U	1
917303	475	1638	1	M	1
917552	410	1248	1	U	1
920520	470	1569	1	U	1
920244	465	1457	1	U	1
918123	450	1382	1	U	1
918800	495	NA	1	U	1
918203	355	NA	1	U	1
916855	420	NA	1	U	1
919242	420	1195	1	U	1
917656	450	1474	1	U	1
917943	375	943	1	U	1
918811	405	826	1	U	1
916695	435	1337	1	U	1
915944	425	1280	1	U	1
917939	485	1682	1	M	1
916928	305	306	1	U	1
919633	410	1257	1	U	1
919777	435	1324	1	U	1
915688	460	1579	1	U	1
919407	445	1263	1	U	1
919424	465	1766	1	U	1
918419	420	1073	1	U	1
918513	445	1334	1	U	1
917288	475	1765	1	M	1
920492	425	1328	2	M	1
917016	375	716	2	U	1
916473	455	1498	2	U	1
919318	435	1316	2	U	1
915871	490	1806	2	U	1
917842	455	1331	2	M	1
918215	440	1408	2	M	1
919486	460	1522	2	U	1
918104	510	2347	2	M	1
918928	490	2040	2	M	1
920569	460	1717	2	U	1
919173	490	1731	2	M	1
917227	475	1711	2	M	1
917039	390	794	2	U	1
918234	430	1166	2	U	1
917970	465	1298	2	U	1
918371	475	1676	2	U	1
918909	430	993	2	U	1
918822	485	1892	2	U	1
919992	410	1132	2	U	1
919550	505	2501	2	U	1
916629	525	2654	2	M	1
918118	480	1576	2	U	1
919167	415	899	2	U	1
916518	470	1661	2	M	1
915920	450	1439	2	U	1
919952	405	1256	2	U	1
919305	480	1670	2	U	1
918057	450	1392	2	U	1
919033	490	2395	2	U	1
916925	475	1609	2	U	1
919879	445	1570	2	U	1
918924	505	2383	2	U	1
917029	460	1647	2	U	1
918538	440	1447	2	U	1
917770	450	1699	2	U	1
915840	415	1078	2	U	1
920230	455	1419	2	U	1
917921	445	1452	2	U	1
919805	455	1409	2	U	1
918515	450	1558	2	U	1
916294	505	2038	2	M	1
917660	410	1088	2	U	1
917931	395	902	2	U	1
917324	470	1661	2	U	1
919829	475	1760	2	U	1
919503	465	1540	2	M	1
920265	515	2421	2	M	1
915957	385	740	2	U	1
916564	415	1112	2	U	1
916969	460	1367	2	U	1
915691	425	1078	2	U	1
917500	445	1366	2	U	1
916720	415	1010	2	U	1
917093	450	1527	2	U	1
916351	440	1521	2	U	1
916635	480	1313	2	M	1
919121	500	1976	2	M	1
919536	485	1705	2	U	1
917205	475	1460	2	U	1
918277	440	1200	2	U	1
918170	475	1950	2	U	1
916699	490	1961	2	U	1
917175	415	1351	2	U	1
920315	445	1784	2	U	1
917471	490	1802	2	U	1
918903	480	1817	2	U	1
918331	440	1422	2	U	1
916110	440	1386	2	U	1
918220	405	954	2	U	1
917121	480	1604	2	U	1
916146	400	825	2	U	1
919285	460	1394	2	U	1
916205	460	1606	2	M	1
917291	390	831	2	U	1
919009	410	1097	2	U	1
916732	445	1516	2	U	1
915679	455	1528	2	U	1
917364	430	1226	2	U	1
918645	460	1649	2	M	1
918296	455	1780	2	U	1
918874	460	1537	2	U	1
916161	465	1471	2	U	1
918385	515	2324	2	M	1
918981	480	1560	2	M	1
916027	410	1029	2	U	1
919668	445	1467	2	U	1
915641	455	1521	2	M	1
918180	505	1807	2	M	1
918547	465	1410	2	U	1
916034	405	1222	2	U	1
919525	405	1080	2	U	1
916163	420	973	2	U	1
920339	405	938	2	U	1
918107	445	1524	2	U	1
920096	405	838	2	U	1
919229	420	1063	2	U	1
916609	445	1605	2	U	1
917304	460	1375	2	U	1
916315	505	1857	2	M	1
919817	480	1764	2	M	1
919921	450	1621	2	U	1
915887	480	1821	2	U	1
917115	465	1431	2	U	1
917655	500	1790	2	M	1
915687	420	1183	2	U	1
916958	450	1873	2	U	1
920184	450	1591	2	U	1
917531	495	1666	2	M	1
917082	475	1663	2	U	1
918193	445	1542	2	U	1
918310	450	1556	2	U	1
916009	455	1435	2	U	1
919019	455	1536	2	M	1
919898	480	1741	2	M	1
916803	450	1399	2	U	1
920073	470	1694	2	U	1
919475	500	1928	2	U	1
916475	485	1745	2	M	1
915954	420	1081	2	U	1
917694	480	1766	2	U	1
916649	440	1419	2	U	1
917188	410	1093	2	U	1
918741	440	1234	2	M	1
916801	435	1313	2	U	1
918156	440	1420	2	U	1
919085	445	1374	2	U	1
915869	450	1509	2	U	1
916974	435	1222	2	U	1
919370	450	1713	2	U	1
920158	465	1863	2	U	1
916833	450	1396	2	U	1
918321	440	1659	2	U	1
920398	480	1935	2	U	1
916421	470	1901	2	U	1
919001	360	779	2	U	1
918028	450	1664	2	M	1
919364	500	1799	2	M	1
916134	455	1624	2	U	1
918511	395	860	2	U	1
917878	465	1811	2	U	1
917430	480	1794	2	U	1
918210	415	1191	2	M	1
916058	420	883	2	U	1
920201	480	1704	2	U	1
917327	495	1879	2	U	1
917557	490	1860	2	M	1
918858	465	1454	2	U	1
916068	500	2308	2	U	1
915674	470	1825	2	U	1
919692	450	1262	2	U	1
916771	500	2064	2	M	1
916321	500	1851	2	M	1
920189	400	935	2	U	1
917833	370	735	2	U	1
920126	385	834	2	U	1
916137	450	1348	2	U	1
917053	445	1157	2	U	1
917830	410	818	2	U	1
917033	385	812	2	U	1
917465	450	1506	2	U	1
919250	435	1054	2	M	1
916737	455	1796	2	U	1
919820	485	1512	2	M	1
918679	460	1315	2	U	1
917314	470	1411	2	M	1
918072	455	1524	2	U	1
920112	495	1840	2	U	1
916364	475	1897	2	U	1
916460	450	1579	2	U	1
920530	420	1204	2	U	1
919565	435	1048	2	U	1
916483	515	2309	2	M	1
918989	475	1560	2	U	1
920092	450	1328	2	U	1
918815	440	1283	2	U	1
918069	410	1080	2	U	1
918849	490	1340	2	M	1
919574	505	2257	2	U	1
917246	395	720	2	U	1
917933	450	1693	2	U	1
919259	485	2093	2	U	1
917559	425	1239	2	U	1
917670	480	1609	2	M	1
918712	465	1543	2	U	1
916545	495	1802	2	U	1
916115	475	1657	2	U	1
919275	475	1899	2	U	1
920210	465	1452	2	U	1
919444	415	830	2	U	1
915800	450	1398	2	M	1
916387	465	1526	2	U	1
919230	480	1854	2	U	1
919865	455	1367	2	U	1
916620	480	1985	2	U	1
915692	450	1374	2	U	1
918542	425	2504	2	U	1
918707	480	1675	2	U	1
916548	480	1642	2	U	1
916680	450	1244	2	U	1
916019	450	1492	2	U	1
916031	400	1045	2	U	1
915913	500	1932	2	U	1
918915	470	1722	2	U	1
916746	430	1133	2	U	1
916400	405	983	2	U	1
917785	420	1058	2	U	1
915839	470	1901	2	U	1
919695	445	1220	2	U	1
919704	465	1478	2	M	1
920250	445	1263	2	U	1
918112	465	1368	2	M	1
917017	450	1419	2	U	1
919280	470	1470	2	U	1
917682	500	1826	2	U	1
919068	425	911	2	U	1
918556	415	996	2	U	1
919995	450	1304	2	M	1
915915	535	2109	2	M	1
917146	475	1498	2	U	1
918536	475	1994	2	M	1
917543	495	2292	2	U	1
917610	470	1595	2	U	1
919547	495	2017	2	U	1
919959	445	1838	2	U	1
915635	410	1200	2	U	1
920140	485	1858	2	U	1
917005	475	1713	2	U	1
918748	460	1351	2	M	1
918549	440	1101	2	M	1
916218	460	1423	2	U	1
915581	460	1470	2	U	1
919241	475	1738	2	U	1
919446	475	1615	2	M	1
920054	460	1580	2	U	1
918179	440	1064	2	U	1
916529	455	1318	2	M	1
918188	465	1664	2	U	1
915784	480	1333	2	M	1
918209	450	1381	2	U	1
919366	435	966	2	U	1
915747	485	1828	2	M	1
919935	445	1331	2	U	1
918260	405	1013	2	U	1
918248	455	1545	2	U	1
917208	420	1117	2	U	1
917354	425	1032	2	M	1
918098	485	1723	2	U	1
917336	440	1197	2	U	1
915612	475	1561	2	M	1
917331	495	1825	2	M	1
916681	455	1251	2	U	1
916586	465	1557	2	U	1
919538	470	1499	2	U	1
916723	475	1618	2	U	1
917949	395	767	2	U	1
917686	430	1075	2	M	1
916149	445	1472	2	M	1
915948	470	1727	2	U	1
918732	440	1443	2	U	1
915730	450	1395	2	M	1
916472	475	1874	2	U	1
916966	425	1297	2	M	1
916570	510	2113	2	M	1
918127	445	1042	2	M	1
915583	440	1436	2	U	1
920423	495	1697	2	U	1
916042	470	1565	2	U	1
915984	440	1548	2	U	1
918048	390	800	2	U	1
919951	395	1000	2	U	1
916560	495	1953	2	M	1
916415	485	1893	2	U	1
920566	530	2103	2	U	1
920388	475	1650	2	U	1
918110	450	1737	2	U	1
917257	410	1273	2	U	1
917693	510	1801	2	M	1
916439	465	1435	2	U	1
916670	460	1452	2	U	1
920004	400	757	2	U	1
916773	475	1795	4	U	2
916223	455	1923	4	U	2
915929	420	1147	4	U	2
919578	510	1639	4	U	2
917624	495	1972	4	U	2
917854	445	1245	4	U	2
916947	430	1130	4	U	2
916693	450	1302	4	U	2
916785	455	1400	4	U	2
920475	515	2460	4	U	2
917910	475	1742	4	U	2
919619	550	2989	4	M	2
916709	490	1889	4	U	2
916980	515	2640	4	U	2
920407	465	1625	4	U	2
917945	460	1587	4	U	2
918337	460	1793	4	U	2
917404	520	2004	4	M	2
916747	520	2240	4	U	2
919804	415	1073	4	U	2
916253	405	871	4	U	2
919840	535	2924	4	U	2
918106	480	1385	2	U	1
919976	405	925	2	U	1
917380	485	2104	2	U	1
918395	460	1460	2	U	1
915876	405	921	2	U	1
915650	445	1145	2	U	1
917056	430	1099	2	U	1
917786	490	1499	2	U	1
919684	465	1474	2	U	1
920431	460	1478	2	U	1
917635	455	1467	2	M	1
918429	455	1331	2	U	1
916494	485	1739	2	U	1
916021	425	1021	2	U	1
917149	330	375	2	U	1
915943	475	1712	2	U	1
919426	475	1608	2	U	1
919351	430	1216	2	U	1
920142	440	1229	2	U	1
918023	460	1679	2	M	1
915852	425	1108	2	U	1
918482	375	674	2	U	1
917037	435	1178	2	U	1
918953	465	1595	2	U	1
920157	450	1457	2	U	1
918273	460	1430	2	M	1
919476	465	1882	2	U	1
916546	465	1585	2	U	1
920013	425	1201	2	U	1
920570	505	2079	2	U	1
917052	490	1513	2	M	1
918846	440	1407	2	M	1
917362	495	1992	2	U	1
916369	460	1606	2	U	1
916108	435	1118	2	U	1
918392	475	1495	2	U	1
915698	490	1416	2	M	1
915700	480	1838	2	M	1
917384	405	1096	2	U	1
918394	460	1255	2	U	1
917788	365	599	2	U	1
915663	395	844	2	U	1
917340	470	1993	2	U	1
917409	445	1305	2	U	1
919070	435	1018	2	U	1
919524	465	1631	2	M	1
919345	465	1851	2	U	1
916945	435	1382	2	U	1
918344	450	1264	2	M	1
918333	455	1346	2	U	1
919869	430	1327	2	U	1
916685	485	1811	2	M	1
916080	395	1051	2	U	1
916880	345	502	2	U	1
918869	505	2140	2	U	1
916837	415	1008	2	U	1
917525	435	1504	2	U	1
917905	420	921	2	U	1
918888	495	2120	2	M	1
918343	450	1875	2	U	1
915753	480	1476	2	U	1
917811	460	1639	2	U	1
918606	435	1023	2	U	1
916391	480	1689	2	M	1
919887	430	1417	2	M	1
916697	475	1669	2	U	1
919521	525	2561	2	M	1
916745	450	1406	2	U	1
917326	440	1383	2	U	1
919655	510	2108	2	M	1
919591	510	2501	2	M	1
919915	380	1250	2	U	1
920561	465	1468	2	U	1
916428	505	1441	2	U	1
915724	405	1001	2	U	1
916217	460	1462	2	M	1
917590	440	1023	2	U	1
915999	465	1669	2	U	1
917540	455	1397	2	M	1
919480	465	1629	2	U	1
920168	525	2716	4	M	2
917784	440	1196	4	U	2
916465	550	2953	4	M	2
920094	480	1973	4	U	2
918744	535	2380	4	U	2
919837	505	2452	4	U	2
918962	475	1900	4	U	2
919741	455	1644	4	U	2
919779	430	967	4	U	2
920459	420	1039	4	U	2
919931	455	2162	4	U	2
916307	520	2613	4	U	2
916388	515	2191	4	M	2
918952	445	1348	4	U	2
916790	425	1088	4	U	2
917090	485	1820	4	U	2
920433	370	744	4	U	2
920133	480	1964	4	U	2
916731	485	2200	4	U	2
918661	475	1660	4	U	2
916916	480	2259	4	U	2
919534	525	2286	4	M	2
919454	530	2629	4	M	2
919262	460	2004	4	U	2
918527	485	1595	4	U	2
915582	450	1752	4	U	2
916558	460	1494	4	U	2
918698	505	2487	4	M	2
916795	485	1968	4	U	2
919688	435	1540	4	U	2
919142	550	3712	4	U	2
920541	480	1852	4	U	2
919245	545	2430	4	M	2
920480	545	2829	4	U	2
918440	535	2287	4	M	2
919325	525	2830	4	U	2
917025	465	1606	4	U	2
918282	415	1230	4	U	2
915587	465	1594	4	U	2
920369	450	1519	4	U	2
917019	315	388	4	U	2
918365	530	2740	4	U	2
920321	450	1261	2	U	1
916052	500	1963	2	U	1
919494	490	1672	2	M	1
919906	490	1615	2	M	1
917703	435	1383	2	M	1
916183	465	1380	2	U	1
919933	460	1585	2	U	1
919533	515	2218	2	M	1
919514	485	2276	2	U	1
919991	420	1137	2	U	1
918177	440	1251	2	U	1
920181	415	1274	2	U	1
917863	505	2142	2	U	1
918831	560	1477	2	U	1
919659	485	1763	2	M	1
918794	395	1102	2	U	1
919775	435	1415	2	M	1
916791	395	981	2	U	1
916772	340	543	2	U	1
915997	415	1257	2	U	1
915749	460	1486	2	M	1
919780	515	2160	2	U	1
920478	445	1329	2	U	1
916780	425	1165	2	M	1
919802	460	1444	2	U	1
916032	465	1640	2	M	1
920439	500	2178	2	U	1
920171	445	1367	2	M	1
919478	490	1766	2	U	1
919983	435	1130	2	U	1
916159	535	1812	2	U	1
917234	485	1776	2	U	1
920031	400	1193	2	U	1
919894	440	1166	2	U	1
920214	490	1899	2	M	1
916694	365	633	2	U	1
918864	410	1100	2	M	1
917999	450	1435	2	U	1
916930	495	1717	2	M	1
915708	455	1429	2	U	1
919278	485	2005	2	U	1
919110	420	1218	2	U	1
920409	400	1046	2	U	1
918705	425	1233	2	M	1
920138	445	1286	2	U	1
920219	345	848	2	U	1
918369	450	1351	2	U	1
919523	485	1690	2	M	1
920114	465	1861	2	M	1
915811	485	1672	2	U	1
919792	395	691	2	U	1
919091	480	1851	2	U	1
916066	470	1542	2	U	1
920558	420	1164	2	U	1
919833	440	1241	2	M	1
919119	495	2066	2	U	1
920087	490	1798	2	U	1
918954	440	1131	2	U	1
917329	400	941	2	U	1
917113	420	1102	2	U	1
916860	505	1837	2	M	1
918470	460	1445	2	U	1
915745	455	1584	2	U	1
917411	475	1531	2	U	1
919997	455	1434	2	U	1
917021	440	1163	2	U	1
917729	470	1604	2	U	1
918189	475	1455	2	U	1
917150	450	1511	2	M	1
918973	455	1617	2	U	1
920571	440	1487	2	M	1
920172	420	956	2	U	1
918439	485	1692	2	M	1
917580	495	2086	2	U	1
917587	500	1768	2	U	1
916632	430	1190	2	U	1
918723	430	904	2	U	1
917391	415	1023	2	U	1
920539	405	755	2	U	1
919950	430	1031	2	U	1
918434	475	1462	2	M	1
919622	495	1978	2	M	1
919764	455	1381	2	U	1
917764	480	1519	2	U	1
915767	415	1318	2	U	1
917882	420	982	2	U	1
915670	425	1109	2	U	1
919189	430	1099	2	M	1
920020	435	1239	3	U	1
916094	362	713	3	U	1
918616	465	1658	3	U	1
917837	495	1800	3	M	1
918697	375	696	3	U	1
918236	440	1340	3	M	1
920446	430	1154	3	U	1
918442	385	805	3	U	1
920517	425	1418	3	U	1
919137	490	2227	3	U	1
920164	455	1163	3	U	1
920248	440	1331	3	U	1
915751	440	1470	3	U	1
917588	500	1830	3	U	1
916552	440	1259	3	M	1
918600	395	781	3	U	1
918519	410	1047	3	U	1
918182	505	2145	3	U	1
915746	445	1388	3	U	1
916523	490	1748	3	M	1
920458	450	1536	3	U	1
918398	490	1984	3	U	1
920466	500	2181	3	M	1
918902	450	1551	3	U	1
920118	450	1497	3	M	1
919024	380	979	3	U	1
920447	450	1400	3	U	1
915910	475	1689	3	M	1
916978	430	1000	3	U	1
918889	455	1574	3	M	1
917835	445	1493	3	M	1
920340	420	1226	3	U	1
918574	495	1659	3	U	1
917929	415	980	3	U	1
918468	485	1717	3	U	1
916727	470	1645	3	M	1
919037	485	1910	3	M	1
919794	470	1643	3	U	1
919685	455	1324	3	U	1
918743	370	768	3	U	1
916782	400	1085	3	U	1
915694	500	2396	3	M	1
917875	400	753	3	U	1
918088	330	522	3	U	1
915898	470	1746	3	U	1
918335	430	1223	3	U	1
919225	435	1216	3	M	1
915678	425	1030	3	U	1
917873	435	1568	3	U	1
919752	470	1927	3	U	1
920490	435	1509	3	U	1
919608	415	1062	3	U	1
920427	420	1060	3	U	1
917499	455	1500	3	U	1
918532	475	1615	3	U	1
920179	445	1477	3	U	1
916116	515	2170	3	U	1
919408	475	1773	3	U	1
919926	430	1208	3	U	1
917171	405	1137	3	U	1
917189	420	1420	3	U	1
916858	460	1354	3	U	1
920483	460	1325	3	U	1
915677	450	1458	3	U	1
916222	440	1389	3	U	1
917431	475	1865	3	U	1
915812	430	1339	3	M	1
916181	390	934	3	U	1
919522	460	1380	3	U	1
918575	430	1244	3	U	1
916661	455	1608	3	M	1
919384	475	1850	3	U	1
915665	425	1140	3	U	1
917222	455	1761	3	U	1
920129	505	2412	3	M	1
920297	405	942	3	U	1
916941	430	1153	3	U	1
917723	475	1760	3	U	1
917938	440	1152	3	U	1
918897	505	2265	3	U	1
916053	485	1300	3	M	1
917015	490	1994	3	M	1
918478	420	1179	3	U	1
919152	455	1781	3	M	1
915849	465	1648	3	M	1
915651	435	1502	3	M	1
915846	465	1747	3	U	1
918967	455	1495	3	U	1
920266	425	1040	3	U	1
919326	455	1634	3	U	1
916722	410	1037	3	U	1
917883	470	1765	3	U	1
917599	480	1710	3	U	1
920419	470	2045	3	M	1
917628	480	1729	3	M	1
919945	415	1384	3	U	1
918725	400	1092	3	U	1
916477	495	1815	3	U	1
920528	460	1438	3	U	1
916129	455	1577	3	U	1
919830	420	1420	3	U	1
920222	455	1376	3	U	1
918684	460	1658	3	U	1
915590	470	1720	3	U	1
916991	465	1611	3	U	1
916667	510	2072	3	M	1
919728	455	1370	3	U	1
917522	450	1380	3	U	1
919782	400	891	3	U	1
916817	390	955	3	U	1
919308	430	1273	3	M	1
915810	405	1014	3	U	1
915830	380	892	3	U	1
916993	435	1426	3	U	1
916238	475	1545	3	U	1
916890	475	1408	3	U	1
919647	525	2424	3	M	1
916592	435	1224	3	M	1
918602	465	1572	3	U	1
917824	460	1198	3	U	1
917332	495	2118	3	U	1
917463	475	1418	3	U	1
918936	490	2317	3	M	1
916422	420	1069	3	U	1
917426	505	1889	3	M	1
917919	470	1468	3	U	1
917067	435	1291	3	U	1
917485	445	1236	3	U	1
917035	455	1425	3	U	1
916810	485	1840	3	U	1
918162	470	1520	3	U	1
919852	455	1637	3	U	1
918969	465	1563	3	M	1
920508	485	1627	3	U	1
916384	430	1236	3	U	1
915644	515	2191	3	M	1
916903	460	1390	3	M	1
919492	480	1635	3	U	1
917157	475	1701	3	M	1
916348	420	917	3	U	1
917449	415	1136	3	U	1
916985	485	1705	3	M	1
919507	445	1376	3	M	1
919098	535	2537	3	M	1
919495	505	2136	3	M	1
916977	435	1282	3	U	1
918060	385	689	3	U	1
918093	465	1239	3	U	1
919657	445	1319	3	M	1
920396	410	896	3	U	1
918087	400	987	3	U	1
919314	490	2118	3	U	1
919864	445	1400	3	M	1
917894	455	1523	3	U	1
917767	510	2018	3	M	1
918803	480	1893	3	M	1
917697	470	1595	3	U	1
915592	460	1538	3	U	1
918593	485	1872	3	U	1
916578	460	1441	3	U	1
920542	470	1785	3	M	1
918499	415	1083	3	U	1
917696	460	1548	3	U	1
917942	430	1075	3	U	1
916491	405	1125	3	U	1
917947	465	1770	3	U	1
917698	465	1363	3	U	1
920401	430	1374	3	U	1
915963	400	898	3	U	1
919032	435	1182	3	U	1
916696	435	1359	3	U	1
918052	465	1526	3	U	1
917816	430	1239	3	U	1
920567	480	1982	3	M	1
917879	450	1400	3	U	1
918388	465	1751	3	U	1
915596	510	1958	3	M	1
917865	500	1780	3	M	1
920403	440	1256	3	U	1
919401	400	1122	3	U	1
919398	390	935	3	U	1
919210	480	1776	3	U	1
920474	475	1755	3	U	1
919581	525	2569	3	M	1
918286	475	1807	3	U	1
920176	450	1633	3	M	1
917264	470	1580	3	M	1
916273	495	1754	3	M	1
916823	475	1837	3	U	1
916186	475	1640	3	M	1
917470	450	1562	3	U	1
919310	500	1661	3	U	1
916427	455	1316	3	M	1
919981	440	1262	3	U	1
916777	460	1332	3	U	1
919965	475	1962	3	U	1
920577	460	1313	3	M	1
916442	455	1508	3	U	1
916278	415	1175	3	U	1
916944	435	1311	3	U	1
916562	430	1111	3	U	1
916252	475	1538	3	U	1
918355	465	1310	3	M	1
916943	435	1226	3	U	1
918462	440	1174	3	U	1
919808	465	1589	3	M	1
920325	425	968	3	U	1
916575	450	1512	3	U	1
920338	375	731	3	U	1
920115	445	1361	3	U	1
918111	475	1652	3	M	1
917710	445	1126	3	U	1
915961	435	1189	3	U	1
918356	440	1381	3	U	1
918014	410	880	3	U	1
920240	445	1497	3	U	1
917306	395	1149	3	U	1
917677	425	1182	3	U	1
916580	NA	1759	3	M	1
915588	NA	1034	3	M	1
919526	NA	1063	3	M	1
920065	445	1245	3	U	1
919512	465	1693	3	M	1
917179	465	1500	3	U	1
919303	470	1495	3	M	1
919751	500	1696	3	U	1
916911	465	1533	3	U	1
916248	NA	NA	NA	NA	NA
918788	530	2170	3	M	1
917204	420	1042	3	U	1
917808	NA	NA	NA	NA	NA
920003	NA	NA	NA	NA	NA
919974	465	1632	3	U	1
919337	485	1661	3	U	1
916802	470	1512	3	U	1
918745	480	1705	3	U	1
917781	450	1182	3	U	1
916303	480	1810	3	U	1
919428	420	1158	3	U	1
918827	500	1713	3	M	1
919867	470	1722	3	M	1
916301	480	1434	3	U	1
920555	455	1931	3	U	1
918585	425	1106	3	U	1
916128	475	1610	3	U	1
917263	480	1791	3	M	1
919012	465	1448	3	U	1
919353	485	1885	3	U	1
917542	495	1753	3	M	1
920559	480	1605	3	U	1
919750	430	1584	3	U	1
915648	480	1804	3	M	1
916057	450	1632	3	M	1
918868	430	1226	3	U	1
917357	490	2118	3	U	1
918397	450	1306	3	U	1
916867	410	1033	3	U	1
916909	450	1501	3	U	1
920355	500	1978	3	U	1
917825	410	1000	3	U	1
916259	350	603	3	U	1
916227	445	1267	3	M	1
918224	470	1668	3	U	1
918374	495	1628	3	M	1
915657	415	981	3	U	1
917817	435	1278	3	U	1
916304	500	2048	3	U	1
920213	470	1830	3	U	1
917902	475	1609	3	U	1
918066	440	1195	3	U	1
919722	425	1094	3	U	1
919015	420	1395	3	U	1
916625	485	1925	3	U	1
920364	460	1580	3	U	1
916081	505	2057	3	M	1
918340	475	1431	3	M	1
918166	405	897	3	U	1
915616	430	1066	3	U	1
918699	530	2500	3	M	1
916506	490	2113	3	M	1
919283	465	1873	3	U	1
918305	455	1532	3	U	1
916934	395	826	3	U	1
916684	485	1953	3	U	1
916260	425	1172	3	U	1
915707	410	1241	3	U	1
920272	465	1544	3	M	1
918218	410	971	3	U	1
916189	420	1030	3	U	1
918139	455	1448	3	U	1
916626	455	1371	3	U	1
916135	450	1475	3	U	1
916308	485	1520	3	U	1
919237	500	1946	3	U	1
920417	440	1316	3	U	1
916258	405	1012	3	U	1
917695	460	1358	3	U	1
916544	415	926	3	U	1
916018	410	865	3	U	1
918446	415	953	3	U	1
920095	415	925	3	U	1
917995	325	406	3	U	1
918412	405	778	3	U	1
916319	505	2369	3	M	1
916756	475	1768	3	M	1
918204	475	1661	3	M	1
918494	475	1694	3	U	1
917761	345	674	3	U	1
916524	395	1016	3	U	1
920015	445	1596	3	U	1
916261	435	1377	3	U	1
917307	420	1025	3	U	1
917177	360	770	3	U	1
917142	470	1605	3	M	1
918696	405	1210	3	U	1
916516	515	2175	3	M	1
920011	500	1933	3	U	1
919884	465	1660	3	M	1
919096	475	1677	3	U	1
918214	500	1774	3	U	1
918617	485	1776	3	U	1
919148	465	1673	3	U	1
918675	475	1753	3	M	1
916092	430	1181	3	U	1
919909	460	1625	3	U	1
919177	435	1264	3	U	1
916113	445	1347	3	U	1
920221	425	1270	3	U	1
915936	425	1223	3	U	1
919637	420	1290	3	U	1
919355	485	1719	3	U	1
917991	400	785	3	U	1
917248	400	949	3	U	1
918262	475	1925	3	U	1
919940	410	1399	3	U	1
917780	410	939	3	U	1
916888	480	1590	3	U	1
918268	435	1194	3	U	1
916577	455	1556	3	U	1
918950	430	1626	3	U	1
916079	420	1076	3	U	1
916044	430	1169	3	U	1
916500	525	2241	3	M	1
918943	465	1263	3	U	1
915826	470	1483	3	M	1
917127	355	613	3	U	1
918855	450	1479	3	U	1
916184	475	1670	3	U	1
918252	520	2141	3	U	1
918629	450	1337	3	U	1
918592	475	1535	3	U	1
918716	450	1244	3	U	1
918436	445	1310	3	U	1
915796	355	553	3	U	1
918614	440	1308	3	U	1
917961	415	1054	3	U	1
920055	490	1715	3	M	1
918197	445	1049	3	U	1
919195	455	1728	3	M	1
919561	495	2049	3	M	1
920088	465	1436	3	M	1
919617	490	1684	3	M	1
916332	445	1396	3	U	1
915669	465	1337	3	U	1
916354	380	767	3	U	1
918992	440	1143	3	U	1
919113	485	1545	3	M	1
920260	425	1325	3	U	1
919566	455	1389	3	U	1
917161	395	778	3	U	1
917249	435	1245	3	U	1
920077	435	1304	3	U	1
919251	380	1023	3	U	1
919385	440	1168	3	U	1
916716	470	1573	3	U	1
915947	455	1570	3	U	1
919273	445	1194	3	U	1
920395	410	1048	3	U	1
919666	490	1911	3	M	1
916556	420	1039	3	U	1
918764	445	1490	3	U	1
917050	335	494	3	U	1
917272	415	998	3	M	1
917145	450	1784	3	U	1
918136	440	1342	3	U	1
919854	485	1950	3	U	1
919725	415	1205	3	U	1
920349	430	1000	3	U	1
919860	425	1023	3	U	1
918948	455	1562	3	U	1
919567	470	1651	3	M	1
918473	405	1021	3	U	1
917137	410	964	3	U	1
917886	355	653	3	U	1
917444	405	923	3	U	1
919396	420	1094	3	M	1
919362	480	1633	3	U	1
920452	475	1521	3	U	1
917358	400	864	3	U	1
916440	465	1576	3	U	1
918019	480	1643	3	M	1
916082	425	1176	3	U	1
918492	440	1179	2	U	1
917973	430	1288	2	U	1
917783	350	659	2	U	1
915909	475	1760	2	U	1
916976	495	1902	2	U	1
917049	495	1942	2	M	1
919194	480	1670	2	U	1
919321	465	1542	2	U	1
918916	475	1738	2	U	1
918146	470	1708	2	U	1
917911	445	1570	2	U	1
919756	415	1372	2	U	1
916097	410	1150	2	U	1
916199	475	1643	2	M	1
918281	330	512	3	U	1
918095	480	1707	3	M	1
915890	480	1877	3	M	1
918545	425	1018	3	U	1
919471	480	1718	3	U	1
918493	485	1796	3	U	1
918477	420	988	3	U	1
919766	500	2218	3	U	1
916445	500	1962	3	M	1
920374	435	999	3	U	1
919694	420	761	3	U	1
916495	410	790	3	M	1
917757	455	1226	3	M	1
919234	455	1382	3	U	1
916541	455	1607	3	M	1
917128	475	1783	3	U	1
918341	470	1606	3	U	1
917213	405	1074	3	U	1
916416	445	1467	3	M	1
918714	405	1075	3	M	1
918067	485	1688	3	U	1
915971	495	1959	3	U	1
918417	450	1105	3	U	1
918003	430	1147	3	M	1
919160	NA	NA	NA	NA	NA
915940	NA	NA	NA	NA	NA
916131	NA	NA	NA	NA	NA
916979	NA	NA	NA	NA	NA
917283	425	1255	3	U	1
917946	395	831	3	U	1
920035	535	2894	3	M	1
919039	470	1795	3	U	1
919682	NA	NA	NA	NA	NA
916551	NA	NA	NA	NA	NA
919207	500	1881	3	U	1
918084	460	1730	3	U	1
916932	410	1126	3	U	1
919556	430	1384	3	U	1
916750	370	722	3	U	1
917446	435	1149	3	U	1
917750	465	1433	3	U	1
919222	430	1166	3	M	1
919053	430	1291	3	U	1
915729	450	1672	3	M	1
916765	380	660	3	U	1
919143	420	1139	3	U	1
918706	480	1972	3	U	1
920285	350	549	3	U	1
919683	435	938	3	U	1
918134	400	929	3	U	1
918710	420	937	3	M	1
919571	395	816	3	U	1
919899	510	2662	3	M	1
916006	475	1684	3	M	1
916611	450	1497	3	U	1
918161	475	1625	3	U	1
919359	450	1253	3	M	1
918244	440	1286	3	U	1
915731	500	1831	3	U	1
917475	445	1360	3	U	1
915662	420	1335	3	U	1
915964	440	1232	3	U	1
918338	475	1761	3	M	1
916662	410	1260	3	U	1
919079	495	2048	3	U	1
919559	400	758	3	U	1
919744	420	1129	3	M	1
916459	490	1890	3	U	1
917791	430	943	3	U	1
919253	495	2118	3	U	1
919787	455	1306	3	U	1
919627	440	1370	3	U	1
919020	485	1706	3	M	1
920113	475	1904	3	U	1
916371	495	1601	3	M	1
919099	500	2059	3	U	1
919089	455	1603	3	U	1
917805	480	1558	3	M	1
920216	455	1289	3	U	1
917014	390	785	3	U	1
920357	460	1655	3	M	1
917235	450	1604	3	U	1
915862	490	1722	4	U	2
918850	520	2531	4	U	2
916601	515	2267	4	U	2
919465	520	2029	4	U	2
918775	510	2462	4	U	2
917625	520	2430	4	M	2
919159	410	893	4	U	2
919889	490	1991	4	U	2
917074	475	1660	4	U	2
917458	535	2827	4	U	2
918798	480	1448	4	U	2
917457	500	2110	4	U	2
916938	525	2368	4	U	2
916525	525	2198	4	M	2
919058	440	1383	4	U	2
917951	500	2309	4	U	2
916038	525	2210	4	M	2
920382	490	2560	4	U	2
916419	480	1574	4	U	2
917533	510	2503	4	U	2
916279	505	2484	4	U	2
918758	505	2500	4	U	2
918580	440	1738	4	U	2
919017	505	2451	4	U	2
917679	460	1399	4	U	2
916317	525	2775	4	U	2
917742	520	2160	4	U	2
919260	445	1182	4	U	2
920252	415	1026	4	U	2
918196	490	1993	4	U	2
916347	420	1133	4	U	2
918076	525	2505	4	M	2
919100	505	2000	4	M	2
919564	515	2085	4	U	2
916794	490	2537	4	U	2
920005	545	2973	4	U	2
920270	410	977	4	U	2
918911	360	754	4	U	2
916216	520	2551	4	M	2
917412	510	2653	4	U	2
920486	440	1396	4	U	2
917223	435	1374	4	U	2
918326	455	1427	4	U	2
916269	395	1032	4	U	2
918309	465	1720	4	U	2
919254	480	1877	4	U	2
919917	490	1817	4	U	2
920336	510	2098	4	U	2
918891	545	2594	4	U	2
915835	510	2301	4	U	2
916721	515	2445	4	U	2
919600	390	995	4	U	2
916035	460	1502	4	U	2
919748	490	1741	4	U	2
919941	460	1642	4	U	2
920334	450	1309	4	U	2
919211	495	1941	4	U	2
916353	360	634	4	U	2
919822	485	2218	4	U	2
918878	490	2400	4	U	2
916423	515	2538	4	U	2
916850	550	2888	4	U	2
916352	480	1530	4	U	2
916120	485	1656	4	U	2
919105	550	3291	4	U	2
919103	440	1470	4	U	2
916528	390	840	4	U	2
916349	490	2170	4	U	2
918539	480	1739	4	U	2
919436	435	1313	4	U	2
916341	530	2923	4	U	2
917069	510	2467	4	M	2
919228	435	1153	4	U	2
920150	495	2325	4	U	2
918302	460	1736	4	U	2
915982	450	1238	4	U	2
917382	440	1342	4	U	2
919139	485	1982	4	U	2
917565	445	1231	4	M	2
919905	485	1935	4	U	2
916883	455	1820	4	U	2
916811	470	1474	4	U	2
917216	485	1725	4	U	2
920331	455	1671	4	U	2
919878	460	1290	4	U	2
919029	385	1209	4	U	2
919720	375	1031	4	U	2
920008	415	1052	4	U	2
916536	520	2002	4	U	2
917967	435	1041	4	U	2
918892	520	2065	4	U	2
918405	430	1077	4	U	2
919613	535	3042	4	M	2
919705	440	1539	4	U	2
920006	500	1994	4	U	2
917379	465	1540	4	U	2
920538	460	1215	4	U	2
916409	410	1125	4	U	2
918814	500	1965	4	U	2
920069	535	2917	4	U	2
919815	450	1739	4	U	2
916282	495	1843	4	U	2
915647	485	2016	4	U	2
916873	520	2224	4	U	2
916478	460	1433	4	U	2
916040	505	2348	4	U	2
919464	530	2808	4	U	2
916973	460	1354	4	U	2
917139	465	1669	4	U	2
917242	525	2151	4	U	2
916410	450	1663	4	U	2
918896	485	1775	4	U	2
917617	505	2775	4	U	2
916864	395	872	4	U	2
920276	465	1733	4	U	2
917763	580	3460	4	U	2
919594	460	1441	4	U	2
918334	475	1949	4	U	2
918280	530	2678	4	U	2
920298	480	1999	4	U	2
919080	480	1680	4	U	2
920518	480	2192	4	M	2
919799	475	1593	4	U	2
920516	475	2046	4	U	2
917793	425	1377	4	U	2
917448	470	1481	4	U	2
920510	495	2187	4	U	2
919949	445	1278	4	U	2
917408	485	1909	4	U	2
920504	480	1600	4	U	2
915785	495	1892	4	U	2
918221	470	1667	4	U	2
918065	510	2789	4	U	2
916174	505	2431	4	U	2
918094	530	2168	4	U	2
918514	505	2168	4	U	2
917978	490	2290	4	U	2
917236	440	1702	4	U	2
919374	515	2041	4	U	2
917244	470	1657	4	U	2
917424	500	2506	4	M	2
918844	505	2392	4	M	2
918207	515	2390	4	U	2
915741	475	1740	4	U	2
918038	515	2380	4	U	2
915916	520	2379	4	U	2
920038	515	2501	4	U	2
920507	525	3269	4	M	2
918198	525	2711	4	M	2
917963	500	1824	4	U	2
916414	505	2388	4	M	2
920347	445	2019	4	U	2
920425	525	2802	4	U	2
917956	435	1410	4	U	2
919696	455	1472	4	U	2
917290	485	1876	4	U	2
915813	460	1902	4	U	2
918583	505	2674	4	U	2
919675	515	2803	4	U	2
919762	330	755	4	U	2
918890	455	1800	4	U	2
920258	390	912	4	U	2
917529	430	1122	4	U	2
918265	505	2114	4	U	2
919987	505	2363	4	M	2
919667	440	1600	4	U	2
916964	485	1801	4	U	2
919433	525	2613	4	U	2
920406	420	953	4	U	2
919432	465	1822	4	U	2
918061	475	1777	4	U	2
915681	475	1682	4	U	2
916515	515	2431	4	U	2
919755	455	1255	4	U	2
916522	495	2302	4	U	2
917874	515	2364	4	U	2
916444	505	1697	4	U	2
917045	470	1449	4	U	2
917203	500	1804	4	U	2
917920	425	816	4	U	2
916953	525	2775	4	U	2
920239	470	2040	4	U	2
919944	460	1937	4	U	2
919791	505	2399	4	M	2
916343	560	3232	4	M	2
920524	445	1818	4	U	2
915855	450	1226	4	U	2
916563	430	1118	4	U	2
916449	495	2088	4	U	2
916542	470	1656	4	U	2
916211	510	1966	4	U	2
917901	520	2480	4	M	2
917512	500	1945	4	U	2
916378	500	2038	4	U	2
919347	450	1426	4	U	2
916160	530	2196	4	U	2
918662	400	844	4	U	2
920437	510	2070	4	U	2
916990	475	1466	4	U	2
917375	470	2190	4	U	2
916836	455	1768	4	U	2
920491	485	2334	4	U	2
916589	535	2612	4	U	2
918454	495	1750	4	M	2
919043	415	1515	4	U	2
916931	460	1516	4	U	2
918875	500	1565	4	U	2
918131	425	985	4	U	2
919789	440	1429	4	U	2
917662	510	1916	4	U	2
916331	475	1766	4	U	2
917636	480	1625	4	U	2
917867	460	1322	4	U	2
917981	525	2995	4	M	2
919642	545	3719	4	U	2
915772	440	1234	4	U	2
917315	440	1342	4	U	2
917532	555	3080	4	U	2
916988	495	2613	4	U	2
920467	440	1559	4	U	2
919838	490	1733	4	U	2
919687	485	1584	4	U	2
918241	465	1650	4	U	2
917640	490	2100	4	U	2
915761	405	1146	4	U	2
920039	550	3942	4	M	2
916859	475	1885	4	U	2
920167	490	1930	4	M	2
917209	485	2130	4	U	2
919934	480	2190	4	U	2
920578	495	2253	4	U	2
916322	525	2312	4	U	2
916984	400	972	4	U	2
919788	485	2350	4	U	2
915617	460	1502	4	U	2
918816	460	1938	4	U	2
916561	510	2073	4	U	2
915794	490	1992	4	U	2
917758	470	1666	4	U	2
919108	465	1813	4	U	2
915822	425	1204	4	U	2
917322	345	779	4	U	2
916398	530	2770	4	U	2
917425	490	1944	4	U	2
918195	460	1617	4	U	2
920440	470	1947	4	U	2
917506	475	1722	4	U	2
917197	535	3092	4	U	2
917374	470	1505	4	U	2
916650	475	1882	4	U	2
916889	475	1700	4	U	2
918550	470	1856	4	U	2
915904	590	3561	4	M	2
917706	525	2630	4	M	2
919005	515	2113	4	U	2
915870	440	1239	4	U	2
917401	505	2269	4	U	2
918634	525	2449	4	U	2
916232	485	1896	4	U	2
918640	490	1839	4	U	2
916602	430	1238	4	U	2
919276	535	2857	4	U	2
916607	495	1725	4	U	2
917887	445	1238	4	U	2
919929	495	1969	4	U	2
916167	500	1902	4	M	2
920105	440	1570	4	U	2
918275	485	1805	4	U	2
919602	495	1760	4	U	2
919746	380	1327	4	U	2
917648	400	1079	4	U	2
915715	510	2024	4	M	2
920089	480	2025	4	U	2
916674	485	2488	4	U	2
917361	445	1265	4	U	2
915740	415	1272	4	U	2
915790	515	2167	4	U	2
917292	510	2140	4	U	2
918292	515	2113	4	M	2
915693	505	2170	4	U	2
918339	495	2083	4	U	2
917872	500	1958	4	U	2
919049	530	2862	4	U	2
918659	505	2401	4	U	2
920482	560	3134	4	U	2
919425	535	2456	4	U	2
919904	445	1622	4	U	2
916929	455	1455	4	U	2
920152	485	2286	4	U	2
915630	475	2095	4	U	2
918912	525	2905	4	U	2
917010	530	3285	4	U	2
916193	530	2556	4	U	2
918011	520	2408	4	U	2
917488	520	2613	4	U	2
917154	370	768	4	U	2
918219	485	1943	4	U	2
918521	465	1413	4	U	2
917597	395	831	4	U	2
916155	525	2589	4	U	2
917484	485	1770	4	U	2
919673	510	2811	4	U	2
915606	540	2853	4	U	2
919169	525	2222	4	U	2
920086	440	1036	4	U	2
918415	515	2243	4	U	2
916913	490	2425	4	U	2
919155	440	2166	4	M	2
916591	510	2114	4	U	2
918102	495	2267	4	U	2
915659	445	1660	4	U	2
918041	485	1961	4	U	2
916147	515	2324	4	U	2
918836	525	3250	4	U	2
918258	510	2246	4	U	2
919640	425	1090	4	U	2
918980	440	1421	4	U	2
918920	500	2136	4	U	2
916451	500	2544	4	U	2
917613	495	2143	4	U	2
918379	480	1783	4	U	2
916014	475	1645	4	U	2
917689	495	1950	4	U	2
917553	330	496	4	U	2
917497	420	1174	4	U	2
917547	510	2376	4	U	2
920479	510	2230	4	U	2
918090	455	1491	4	U	2
918013	460	1557	4	U	2
918770	490	1850	4	U	2
918608	480	1844	4	U	2
919628	505	2573	4	M	2
920209	485	2140	4	U	2
917075	560	2873	4	M	2
920362	535	2717	4	U	2
919078	435	1185	4	U	2
918977	435	1912	4	U	2
920242	430	1484	4	U	2
920286	480	2290	4	U	2
918604	485	2216	4	U	2
919662	410	813	4	U	2
919445	495	2058	4	U	2
915625	500	1855	4	U	2
917119	510	1963	4	U	2
919295	515	2977	4	M	2
919957	525	2844	4	U	2
916692	465	1471	4	U	2
918863	495	2314	4	U	2
916417	465	1367	4	U	2
918942	495	2284	4	M	2
918246	475	1600	4	U	2
920352	430	905	4	U	2
916919	410	1312	4	U	2
917576	460	1470	4	U	2
917486	505	2146	4	U	2
918096	520	1895	4	M	2
920568	475	1644	4	U	2
918086	485	699	4	U	2
919021	530	2590	4	U	2
916117	455	1522	4	U	2
917900	505	2303	4	U	2
916095	500	2076	4	U	2
917909	495	1827	4	U	2
918233	500	2452	4	U	2
918401	400	771	4	U	2
916100	455	1390	4	U	2
917993	485	2011	4	U	2
919582	470	1953	4	U	2
917178	410	1137	4	U	2
916462	550	3244	4	U	2
916292	485	1599	4	U	2
918289	510	2000	4	U	2
917066	500	1963	4	U	2
916225	460	1407	4	U	2
919059	450	1621	4	U	2
919818	510	2477	4	U	2
916612	520	2458	4	U	2
919381	475	2246	4	U	2
915986	515	2663	4	U	2
916111	465	1843	4	U	2
919610	490	2411	4	U	2
918103	465	1646	4	U	2
920351	525	2607	4	M	2
917044	500	2143	4	U	2
920052	500	2500	4	U	2
916243	505	2256	4	U	2
919431	470	1419	4	U	2
920190	515	2241	4	U	2
920246	520	2836	4	M	2
916879	485	2028	4	U	2
920429	475	1888	4	U	2
915988	500	1934	4	U	2
919912	430	1173	4	U	2
916678	525	2673	4	U	2
916573	505	2523	4	U	2
919768	445	1192	4	U	2
916872	520	2277	4	U	2
918488	475	2364	4	U	2
919698	500	1903	4	M	2
917678	455	1393	4	U	2
919938	535	2925	4	M	2
920550	470	1560	4	U	2
919734	465	1485	4	U	2
920121	415	1301	4	U	2
916854	470	1518	4	U	2
917827	540	2780	4	U	2
917661	470	1934	4	U	2
919961	555	3568	4	M	2
917888	505	2316	4	U	2
920489	500	2455	4	U	2
918441	445	1432	4	U	2
919652	490	1702	4	U	2
919956	510	2862	4	U	2
920371	490	2352	4	U	2
917569	485	1952	4	U	2
919133	520	2739	4	U	2
916701	545	3305	4	U	2
917388	580	1728	4	U	2
917672	505	2305	4	U	2
920027	520	2296	4	U	2
919038	400	992	4	U	2
916954	480	2229	4	U	2
916481	495	1924	4	U	2
916402	445	1302	4	U	2
918271	520	2669	4	U	2
918859	495	2024	4	U	2
918226	485	2149	4	U	2
915743	480	1981	4	U	2
920533	480	1748	4	U	2
915722	480	1604	4	U	2
917752	460	1844	4	U	2
917802	460	1831	4	U	2
920263	585	3675	4	M	2
919781	535	2797	4	U	2
918742	525	2699	4	U	2
915960	535	2673	4	U	2
916739	500	1840	4	U	2
920543	495	2073	4	U	2
917899	510	2321	4	U	2
918595	440	1118	4	U	2
916946	465	1685	4	U	2
916798	545	2176	4	U	2
917330	475	1584	4	U	2
916643	440	975	4	U	2
917100	480	1885	4	U	2
919634	530	3305	4	U	2
915880	460	1830	4	U	2
916631	470	1651	4	U	2
919767	490	1757	4	U	2
918599	455	1784	4	U	2
915655	525	2442	4	U	2
915874	500	1936	4	U	2
919918	485	1899	4	U	2
916062	495	1992	4	U	2
915860	440	1502	4	U	2
915589	500	2120	4	M	2
915646	530	2908	4	U	2
917777	505	1971	4	U	2
917659	515	2468	4	U	2
916028	475	1735	4	U	2
920124	440	1410	4	U	2
917932	495	2063	4	U	2
917699	505	1828	4	U	2
918259	510	2344	4	U	2
919060	565	3280	4	U	2
920445	495	2000	4	U	2
916328	370	831	4	U	2
918584	460	1622	4	U	2
917737	405	906	4	U	2
916357	505	2263	4	U	2
919641	435	1770	4	U	2
917372	510	2058	4	U	2
917570	510	2619	4	U	2
917370	455	1576	4	U	2
917423	485	1963	4	U	2
920174	530	2647	4	U	2
918135	570	3085	4	U	2
918015	500	2380	4	U	2
917828	455	1408	4	U	2
916231	470	1280	4	U	2
916487	360	561	4	U	2
919467	455	1227	4	U	2
918578	495	1973	4	U	2
918722	480	1636	4	U	2
919732	480	2396	4	U	2
917866	505	2610	4	U	2
920153	485	2287	4	M	2
916665	475	2017	4	U	2
916240	490	1842	4	U	2
917607	455	1457	4	U	2
916130	520	1950	4	M	2
918040	485	1779	4	M	2
918138	430	1509	4	U	2
916514	465	1757	4	U	2
917202	465	1471	4	U	2
916587	460	1830	4	U	2
916320	495	2140	4	U	2
917417	475	1916	4	M	2
918639	485	2303	4	U	2
917368	520	2784	4	M	2
919307	480	1872	4	U	2
919986	500	2337	4	U	2
916955	480	1815	4	U	2
916884	455	1450	4	U	2
918390	500	2124	4	U	2
919903	455	1468	4	U	2
917749	465	1571	4	U	2
920348	480	1899	4	U	2
916868	535	2786	4	U	2
919028	500	1903	4	U	2
917268	485	1899	4	M	2
917787	510	2000	4	U	2
916554	480	2287	4	U	2
920053	525	3323	4	U	2
915831	505	2048	4	U	2
917032	495	2013	4	U	2
917428	485	2017	4	U	2
920048	520	3270	4	M	2
920456	500	2128	4	U	2
917548	470	1679	4	U	2
919632	520	3018	4	U	2
918630	490	2192	4	U	2
919998	370	1153	4	U	2
916041	500	2360	4	M	2
919072	515	2128	4	U	2
916526	490	2126	4	U	2
916469	365	712	4	U	2
920485	420	1531	4	U	2
916125	460	1467	4	M	2
918576	510	2233	4	U	2
917806	425	1162	4	U	2
917876	430	1005	4	U	2
916616	385	737	4	U	2
919630	470	1523	4	U	2
917289	520	2618	4	M	2
919542	530	3202	4	M	2
917472	400	871	4	U	2
917713	480	1477	4	U	2
919857	495	1803	4	U	2
917373	470	1504	4	U	2
916679	415	1358	4	U	2
918594	510	2477	4	U	2
916659	490	1687	4	U	2
920317	450	1215	4	U	2
917454	480	1641	4	U	2
917098	440	1329	4	U	2
917654	490	2252	4	U	2
915992	475	1769	4	U	2
918319	500	1675	4	U	2
916830	450	1254	4	U	2
916582	455	1449	4	U	2
917851	495	1557	4	U	2
917339	480	1801	4	U	2
916093	490	2053	4	U	2
919743	450	1238	4	M	2
917554	455	1424	4	U	2
917653	450	1449	4	U	2
916000	525	2220	4	U	2
916277	450	1200	4	U	2
920202	440	1049	4	M	2
917928	515	1788	4	U	2
916838	485	1948	4	U	2
916704	515	2733	4	U	2
918489	500	2150	4	U	2
918692	475	1593	4	U	2
920420	480	1880	4	U	2
918377	525	2394	4	M	2
917632	490	1782	4	U	2
915872	475	1817	4	U	2
918043	495	1868	4	U	2
917813	460	1457	4	U	2
920449	505	2515	4	U	2
917795	475	2005	4	U	2
917948	420	999	4	U	2
917309	450	1308	4	U	2
916425	430	1127	4	U	2
917819	370	655	4	U	2
917286	540	2431	4	U	2
919317	495	1756	4	U	2
916467	480	1573	4	U	2
920275	565	3773	4	M	2
915629	475	1575	4	U	2
919674	495	1807	4	U	2
920072	460	1478	4	U	2
919686	510	2605	4	M	2
917011	560	3261	4	M	2
918806	455	1118	4	U	2
919388	480	1646	4	U	2
919411	440	1150	4	U	2
916728	485	1759	4	U	2
919723	505	2320	4	U	2
920280	485	1362	4	U	2
918225	460	1500	4	U	2
916310	380	720	4	U	2
920360	450	1387	4	U	2
916555	360	545	4	U	2
916029	460	1221	4	U	2
917406	475	1830	4	U	2
918596	490	2090	4	M	2
915723	425	1355	4	U	2
919871	475	1489	4	U	2
919982	495	2261	4	U	2
917141	535	2740	4	U	2
916809	495	1791	4	U	2
917657	425	1365	4	U	2
918552	530	3082	4	M	2
919487	455	1410	4	U	2
919730	445	1034	4	U	2
915791	430	1444	4	U	2
916105	525	2546	4	U	2
919690	495	2103	4	U	2
918879	500	2194	4	M	2
916051	360	625	4	U	2
917809	460	1396	4	U	2
918169	510	2355	4	U	2
919301	460	1324	4	U	2
918078	495	1819	4	U	2
917769	365	656	4	U	2
918464	475	1496	4	U	2
920056	480	2192	4	U	2
920502	495	2077	4	U	2
917974	360	627	4	U	2
915611	510	2534	4	M	2
917541	490	2029	4	U	2
919907	500	2090	4	U	2
919868	515	2288	4	M	2
918424	520	2835	4	U	2
917649	535	2332	4	U	2
918396	490	2251	4	U	2
915836	435	1278	4	U	2
916156	495	2153	4	U	2
916512	445	1606	4	M	2
919759	505	2404	4	U	2
916767	425	1233	4	U	2
917224	490	1749	4	U	2
916894	465	1679	4	U	2
919962	480	2215	4	U	2
920329	460	1686	4	U	2
916458	500	2113	4	U	2
917530	485	1790	4	U	2
919716	440	1308	4	U	2
918022	495	2023	4	M	2
920415	530	2429	4	U	2
916644	480	1764	4	U	2
916426	500	1959	4	U	2
919946	435	1437	4	U	2
918654	430	1521	4	M	2
918483	445	1445	4	U	2
916717	490	2289	4	U	2
918361	490	1975	4	U	2
916902	465	1387	4	U	2
920519	485	2447	4	U	2
919264	515	1829	4	U	2
917826	495	1960	4	U	2
918590	520	2374	4	U	2
918142	485	2023	4	U	2
917126	450	1226	4	U	2
920071	450	1283	4	U	2
917042	490	2118	4	U	2
916295	495	2589	4	U	2
918132	510	2232	4	U	2
918199	455	1530	4	U	2
915966	465	1890	4	U	2
917399	415	1082	4	U	2
917923	475	1980	4	U	2
920058	435	1296	4	U	2
916568	480	1775	4	U	2
920477	465	2080	4	U	2
917871	395	960	4	U	2
918938	500	1807	4	U	2
916848	485	1825	4	U	2
918735	540	2677	4	M	2
917812	480	1589	4	U	2
918623	530	2321	4	U	2
916123	485	1937	4	U	2
916239	495	2359	4	U	2
916023	500	2279	4	U	2
916876	540	1307	4	U	2
919205	490	2032	4	U	2
917118	485	1659	4	U	2
915610	505	2193	4	U	2
918883	455	1367	4	U	2
919545	435	1092	4	U	2
919046	485	1695	4	U	2
915734	425	1265	4	U	2
916265	420	999	4	U	2
916896	470	1477	4	U	2
916549	495	2080	4	U	2
917516	520	2248	4	U	2
917492	475	2147	4	U	2
917350	495	2209	4	U	2
920021	470	1525	4	U	2
915684	415	1753	4	U	2
915739	365	680	4	U	2
919677	485	2312	4	U	2
918459	515	2288	4	U	2
916293	490	1950	4	U	2
919342	495	1697	4	U	2
916664	475	1784	4	U	2
920110	460	1476	4	U	2
918152	495	2522	4	U	2
916744	395	1047	4	U	2
918837	500	1815	4	U	2
920350	470	1518	4	U	2
917076	445	1275	4	U	2
916180	425	1152	4	U	2
918503	365	611	4	U	2
916191	505	2053	4	U	2
919656	440	1498	4	U	2
919831	490	1655	4	U	2
918370	400	915	4	U	2
919993	515	2560	4	U	2
916430	460	1147	4	U	2
918572	455	1543	4	U	2
920278	500	1793	4	U	2
9186604	520	2026	4	U	2
916904	500	2089	4	U	2
917862	510	2329	4	U	2
917493	495	2142	4	U	2
917645	485	1861	4	U	2
918414	525	2158	4	U	2
918673	455	1364	4	U	2
918485	515	1857	4	M	2
919088	470	1569	4	U	2
920366	410	1314	4	U	2
9198621	490	2242	4	M	2
918533	510	2662	4	U	2
915942	405	780	4	U	2
919605	505	1943	4	U	2
916283	515	2490	4	U	2
920146	455	1387	4	U	2
919893	525	2796	4	M	2
918597	475	1611	4	U	2
917459	500	2223	4	U	2
919123	465	1408	4	U	2
916047	425	1269	4	U	2
919312	490	1712	4	U	2
916975	475	1877	4	U	2
919589	510	2847	4	U	2
916221	480	1883	4	U	2
916340	500	2290	4	U	2
919002	545	2731	4	U	2
919163	520	2377	4	M	2
916455	480	1578	4	U	2
917526	335	672	4	U	2
917099	490	1597	4	U	2
917476	495	2071	4	U	2
919678	485	1826	4	M	2
918083	470	1845	4	U	2
916891	490	1929	4	U	2
916316	530	2830	4	M	2
915938	470	1738	4	U	2
920033	495	1899	4	M	2
918332	445	1991	4	U	2
915857	460	1463	4	U	2
916996	525	2724	4	M	2
917317	500	2055	4	U	2
920238	490	1617	4	U	2
918510	475	1689	4	U	2
917334	490	2836	4	U	2
917392	495	1612	4	U	2
917855	460	1395	4	U	2
917071	470	1530	4	U	2
916963	500	2281	4	U	2
917503	500	2027	4	U	2
915795	425	1264	4	U	2
917271	500	2122	4	U	2
915877	540	3196	4	U	2
917906	465	2170	4	U	2
917335	515	2452	4	M	2
919873	515	1892	4	M	2
916763	480	1975	4	U	2
916689	475	1790	4	U	2
916407	490	2120	4	U	2
917927	470	1672	4	U	2
917832	540	2887	4	M	2
918149	480	1557	4	U	2
918779	535	2769	4	U	2
916535	480	1765	4	M	2
918559	495	1979	4	U	2
918320	455	1287	4	U	2
916270	430	1157	4	U	2
917294	460	1847	4	U	2
915828	540	2493	4	U	2
918172	545	2733	4	M	2
916220	495	2206	4	U	2
918120	475	1848	4	U	2
917982	475	1590	4	U	2
917258	455	1362	4	U	2
918438	500	1851	4	U	2
916256	425	997	4	U	2
915989	455	1488	4	U	2
919980	440	1373	4	U	2
919908	515	2239	4	M	2
919797	545	3013	4	M	2
920288	505	2370	4	U	2
920136	500	2318	4	U	2
920197	495	2411	4	M	2
920018	500	2087	4	U	2
917701	495	1621	4	U	2
920147	445	1270	4	U	2
919460	490	1748	4	U	2
915637	475	1816	4	U	2
917143	495	1984	4	U	2
918778	515	2249	4	U	2
916520	460	1681	4	U	2
917709	470	1433	4	U	2
918425	495	2195	4	U	2
918105	485	1736	4	U	2
918553	525	2564	4	M	2
918291	485	1482	4	U	2
920061	460	1908	4	U	2
915908	460	1353	4	U	2
917442	445	1420	4	U	2
915893	495	2188	4	U	2
917914	465	1265	4	U	2
918631	430	1304	4	U	2
920464	480	2247	4	U	2
915917	470	1619	4	U	2
916668	475	1842	4	U	2
918362	455	1352	4	U	2
916986	465	1674	4	M	2
915716	475	1876	4	U	2
918917	390	1065	4	U	2
918077	460	1719	4	U	2
919543	485	1715	4	U	2
917971	510	2213	4	U	2
920337	445	1725	4	M	2
918843	440	1290	4	U	2
916016	455	1411	4	U	2
920333	480	1811	4	U	2
916768	450	1942	4	U	2
917668	465	1547	4	U	2
917986	525	2085	4	U	2
918919	505	1888	4	U	2
917106	510	1924	4	U	2
917086	480	2175	4	U	2
920391	425	1459	4	U	2
917353	485	2016	4	U	2
916972	460	1560	4	U	2
920060	470	1740	4	U	2
915945	510	1944	4	U	2
918727	460	1900	4	U	2
918804	505	1999	4	U	2
917884	505	1853	4	U	2
918426	520	2420	4	U	2
918997	505	2183	4	U	2
919650	520	2364	4	U	2
916255	510	2480	4	U	2
916590	505	2232	4	U	2
920024	450	1304	4	U	2
917637	495	1781	4	U	2
920007	455	1707	4	U	2
915931	470	1865	4	U	2
918537	510	2240	4	U	2
916457	495	2082	4	U	2
917520	480	1485	4	U	2
918113	495	2035	4	U	2
918358	480	1492	4	U	2
915780	475	1933	4	U	2
919469	520	2593	4	U	2
920465	515	1867	4	U	2
916921	500	2150	4	U	2
916951	450	1470	4	U	2
917924	455	1527	4	U	2
919609	545	2881	4	M	2
917934	400	1552	4	U	2
915672	465	1650	4	U	2
916245	455	1293	4	U	2
917396	385	829	4	U	2
918568	470	1803	4	U	2
917218	440	1270	4	U	2
918352	470	1696	4	U	2
916565	485	2079	4	U	2
917394	490	1600	4	U	2
920526	415	1355	4	U	2
918605	475	1437	4	U	2
917432	435	1578	4	U	2
917345	475	1710	4	U	2
917427	465	1372	4	U	2
918272	450	1275	4	U	2
918443	415	1161	4	U	2
916559	425	1165	4	U	2
920505	510	2484	4	M	2
918486	525	2734	4	M	2
915680	500	2191	4	U	2
915823	495	2245	4	U	2
920145	505	2556	4	U	2
915710	525	2312	4	U	2
918795	500	1884	4	U	2
918755	470	1938	4	U	2
917163	470	1618	4	U	2
916173	490	2050	4	U	2
920057	345	943	4	U	2
918227	465	1585	4	U	2
918133	420	1178	4	M	2
916153	425	1194	4	U	2
917217	550	3008	4	M	2
916086	415	1170	4	U	2
918870	500	1894	4	U	2
920082	450	1699	4	U	2
918783	500	2431	4	U	2
916623	525	2420	4	U	2
917007	535	2890	4	U	2
917815	500	2307	4	U	2
920358	505	2446	4	M	2
920207	435	1860	4	U	2
919706	480	1571	4	U	2
917954	505	2570	4	M	2
920084	485	1771	4	U	2
915645	440	1302	4	U	2
920300	445	1109	4	U	2
917754	395	952	4	U	2
920471	490	1506	4	U	2
919094	560	2648	4	U	2
916690	440	1231	4	U	2
917641	475	1701	4	U	2
918611	535	3390	4	U	2
917596	510	1790	4	U	2
917255	470	1992	4	U	2
916585	515	2249	4	M	2
918624	495	3025	4	U	2
919913	445	1624	4	U	2
919639	445	1380	4	U	2
916622	475	2248	4	U	2
915980	440	1245	4	U	2
915726	520	2822	4	U	2
918740	500	2331	4	U	2
919971	430	1039	4	U	2
917298	495	1835	4	U	2
920387	390	875	4	U	2
918290	455	1440	4	U	2
919771	505	2267	4	U	2
917276	460	1320	4	U	2
918687	450	1972	4	M	2
918306	525	2790	4	U	2
916076	475	1775	4	U	2
920495	415	1027	4	U	2
916327	455	1669	4	U	2
918466	490	1520	4	U	2
920144	465	1504	4	U	2
915978	495	1753	4	U	2
918345	470	1644	4	U	2
916013	455	1422	4	U	2
918753	525	2096	4	M	2
916804	470	1632	4	U	2
915967	445	1639	4	U	2
920243	515	2497	4	U	2
918073	465	1650	4	U	2
916236	375	947	4	U	2
916843	505	2573	4	U	2
916603	470	1642	4	U	2
916663	420	1133	4	U	2
918206	485	2162	4	U	2
916098	480	1999	4	U	2
920481	510	2028	4	U	2
919546	440	1107	4	U	2
920448	450	1344	4	U	2
918153	525	2285	4	U	2
916376	525	2664	4	M	2
917544	540	2764	4	U	2
917191	510	1790	4	U	2
917925	500	1680	4	U	2
919626	515	2347	4	U	2
918185	480	1635	4	U	2
918157	525	2492	4	U	2
917822	480	1610	4	U	2
916039	425	1138	4	U	2
919607	495	2202	4	U	2
917915	455	1303	4	U	2
920159	500	2168	4	U	2
916922	465	1829	4	U	2
918570	480	1786	4	U	2
919823	460	1324	4	U	2
915622	485	1992	4	U	2
916851	450	1344	4	U	2
918557	440	1422	4	U	2
920512	475	1580	4	U	2
916504	455	1555	4	U	2
920441	500	2211	4	M	2
919457	535	2377	4	M	2
919809	490	1700	4	U	2
917605	550	3225	4	U	2
918543	435	1159	4	U	2
917892	475	1916	4	U	2
916534	445	1287	4	U	2
918563	480	1775	4	U	2
916669	475	1752	4	U	2
920283	410	892	4	U	2
918421	510	1793	4	M	2
920470	435	1055	4	U	2
917260	435	1362	4	U	2
917840	440	1403	4	U	2
920127	505	2655	4	U	2
916476	485	1790	4	U	2
920241	520	2590	4	U	2
916011	435	1375	4	U	2
918287	445	1270	4	U	2
920262	510	2525	4	M	2
916630	435	1142	4	U	2
917450	515	2314	4	U	2
919988	460	1584	4	U	2
917721	495	2081	4	U	2
918721	500	2168	4	U	2
919236	500	2270	4	U	2
918349	480	1559	4	U	2
916043	400	875	4	U	2
918565	560	3650	4	M	2
916818	460	1577	4	U	2
918391	440	1289	4	U	2
919136	495	1943	4	U	2
919272	520	3525	4	U	2
918528	525	2818	4	U	2
915873	480	1635	4	U	2
920023	495	1943	4	U	2
918963	495	1878	4	U	2
918541	540	2357	4	U	2
920119	470	1963	4	U	2
919953	450	1444	4	U	2
919584	490	1902	4	U	2
916700	420	1238	4	U	2
916789	430	1255	4	U	2
916820	475	1440	4	U	2
919212	505	2307	4	U	2
917782	485	1863	4	U	2
918322	545	2836	4	U	2
918664	500	2153	4	U	2
918760	470	1777	4	U	2
920111	440	1415	4	U	2
917609	520	2273	4	U	2
919279	495	2152	4	U	2
919757	485	1524	4	U	2
916776	500	1856	4	U	2
917989	475	1894	4	U	2
915755	510	2219	4	U	2
918348	505	1890	4	U	2
919186	510	2267	4	U	2
919358	475	1773	4	U	2
919332	485	1751	4	U	2
919380	500	2158	4	U	2
919040	510	2234	4	U	2
919680	505	2121	4	U	2
920367	520	2280	4	U	2
919870	465	2199	4	U	2
916002	480	1682	4	U	2
920443	460	1116	4	U	2
920562	525	2473	4	U	2
918786	455	1491	4	U	2
917664	525	2501	4	M	2
918211	485	1636	4	U	2
915905	515	2184	4	U	2
918884	500	2164	4	U	2
915979	485	1552	4	U	2
919749	455	1425	4	U	2
917120	485	1898	4	U	2
920151	475	1512	4	U	2
916759	480	1640	4	U	2
917968	430	1020	4	U	2
918054	330	653	4	U	2
918944	495	2182	4	U	2
917158	460	1627	4	U	2
919135	480	1617	4	U	2
918270	450	1344	4	U	2
920323	445	1252	4	U	2
917612	455	1270	4	U	2
920254	555	2983	4	U	2
916675	500	1809	4	U	2
917402	485	1989	4	U	2
920515	450	1182	4	U	2
916835	470	1757	4	U	2
920544	530	2852	4	M	2
918523	485	1644	4	U	2
917342	425	1288	4	U	2
916215	520	2603	4	M	2
916617	510	2075	4	U	2
916971	430	1164	4	U	2
916464	475	1670	4	U	2
916061	490	2074	4	U	2
920074	485	1852	4	M	2
916132	470	1692	4	U	2
916267	440	1236	4	U	2
916176	460	1167	4	U	2
917908	490	1951	4	U	2
918669	480	1596	4	U	2
920574	470	1520	4	U	2
917700	500	2070	4	U	2
918643	520	2122	4	U	2
916118	460	1261	4	U	2
918905	425	989	4	U	2
920032	455	1556	4	U	2
919341	535	2925	4	U	2
916077	525	2774	4	U	2
916825	480	2078	4	U	2
917771	445	1620	4	U	2
920062	500	2572	4	M	2
916263	515	2370	4	U	2
919999	450	1694	4	U	2
919955	530	2628	4	M	2
918531	505	1976	4	U	2
916806	540	2739	4	M	2
919888	510	2600	4	U	2
916187	450	1303	4	U	2
916749	520	2284	4	U	2
917468	490	1672	4	U	2
918141	450	1204	4	U	2
915603	440	1332	4	M	2
917009	460	1737	4	U	2
915804	510	2498	4	U	2
920093	525	2826	4	U	2
917185	445	1303	4	U	2
918484	505	2133	4	U	2
919863	535	3202	4	U	2
916219	535	2790	4	M	2
918192	440	1316	4	U	2
917996	510	2099	4	U	2
918739	475	1680	4	U	2
917346	475	1590	4	U	2
919176	485	2066	4	U	2
917870	505	1744	4	U	2
920314	510	2155	4	U	2
915990	425	1029	4	U	2
917220	520	2780	4	U	2
918637	430	1208	4	U	2
917615	530	2581	4	M	2
917038	445	1272	4	U	2
918313	510	2510	4	U	2
919925	460	1577	4	U	2
916488	500	2524	4	U	2
919182	415	872	4	U	2
917903	520	2830	4	U	2
920540	505	2062	4	U	2
915950	450	1314	4	U	2
916807	435	1332	4	U	2
916707	470	1647	4	U	2
918720	505	2377	4	U	2
916026	435	1296	4	U	2
918734	490	1907	4	U	2
920068	520	2346	4	M	2
919097	515	2453	4	U	2
918070	510	2322	4	U	2
917511	475	1704	4	U	2
919266	490	1817	4	U	2
916537	465	1399	4	U	2
916448	505	2704	4	U	2
917985	450	1538	4	U	2
919776	490	1549	4	M	2
919158	500	2106	4	M	2
915737	525	2787	4	U	2
920078	450	1999	4	U	2
917024	540	3065	4	U	2
920404	450	1444	4	U	2
917941	450	1270	4	U	2
916949	525	2742	4	M	2
917466	505	2546	4	U	2
916900	485	1646	4	U	2
917616	495	2247	4	U	2
917398	505	2109	4	U	2
917977	410	1164	4	U	2
916374	505	2430	4	U	2
916235	460	1368	4	U	2
920496	435	1479	4	U	2
918342	475	1760	4	U	2
917630	490	1724	4	U	2
917006	500	1815	4	U	2
917561	485	2149	4	U	2
918183	515	2136	4	U	2
920547	510	2168	4	U	2
917238	495	2198	4	U	2
915851	440	1038	4	U	2
916604	445	1083	4	U	2
920416	435	1197	4	U	2
919923	450	1339	4	U	2
915865	490	1758	4	U	2
917519	495	1964	4	U	2
915776	540	3069	4	U	2
919846	470	1722	4	U	2
916814	400	921	4	U	2
915584	465	1585	4	U	2
919349	510	2360	4	U	2
916815	470	1651	4	U	2
919244	530	2302	4	M	2
918297	450	1594	4	U	2
918378	480	2127	4	U	2
916389	455	1258	4	U	2
917579	505	2016	4	U	2
918968	515	2471	4	U	2
917937	535	2134	4	U	2
916284	420	858	4	U	2
917415	530	2284	4	M	2
916901	420	941	4	U	2
920022	540	2864	4	U	2
915899	455	1973	4	U	2
915774	500	2700	4	U	2
916007	455	1713	4	U	2
918607	480	2130	4	U	2
917676	440	1275	4	U	2
915735	505	2058	4	M	2
918867	540	2663	4	U	2
915900	490	1982	4	U	2
918382	465	1664	4	U	2
917671	415	965	4	U	2
916150	495	2040	4	U	2
917765	450	1415	4	U	2
915664	475	1698	4	U	2
919184	460	1332	4	U	2
919011	480	1678	4	U	2
919604	510	1610	4	U	2
916214	395	758	4	U	2
916923	485	1661	4	U	2
917265	490	1708	4	U	2
919881	460	1226	4	U	2
918304	500	2348	4	U	2
917595	375	763	4	U	2
917151	430	1096	4	U	2
920320	500	1997	4	U	2
917083	450	1180	4	U	2
918876	450	1427	4	U	2
918416	505	2130	4	U	2
916287	485	1708	4	U	2
917603	455	1495	4	U	2
919886	485	2377	4	M	2
918376	500	2119	4	U	2
917658	450	1521	4	U	2
916614	400	988	4	U	2
919897	500	2630	4	M	2
920141	495	1803	4	U	2
920103	475	1948	4	U	2
918877	415	825	4	U	2
918018	420	994	4	U	2
915704	445	1284	4	U	2
915970	475	1633	4	U	2
916657	445	1322	4	U	2
919122	395	700	4	U	2
917502	435	1300	4	U	2
916200	465	1851	4	U	2
915969	450	1202	4	U	2
915658	505	1973	4	U	2
916107	480	1683	4	U	2
920107	460	1453	4	U	2
918163	470	1536	4	U	2
916485	395	741	4	U	2
920413	430	1012	4	U	2
920303	455	1359	2	U	1
917152	490	1941	2	M	1
918368	500	2210	2	U	1
919910	490	1944	2	M	1
918492	440	1179	2	U	1
917973	430	1288	2	U	1
917783	350	659	2	U	1
915909	475	1760	2	U	1
916976	495	1902	2	U	1
917049	495	1942	2	M	1
919194	480	1670	2	U	1
919321	465	1542	2	U	1
918916	475	1738	2	U	1
918146	470	1708	2	U	1
917911	445	1570	2	U	1
919756	415	1372	2	U	1
916097	410	1150	2	U	1
916199	475	1643	2	M	1
915901	420	904	2	U	1
920224	350	891	2	U	1
917182	510	2433	2	U	1
916311	465	1506	2	U	1
916017	450	1264	2	U	1
915977	470	1629	2	U	1
916305	395	850	2	U	1
920311	465	1604	2	U	1
917085	415	1248	2	U	1
918650	NA	1797	2	U	1
917593	NA	1699	2	U	1
916210	NA	1331	2	U	1
920428	490	2134	2	M	1
920343	490	1661	2	M	1
918125	455	1371	2	U	1
918957	435	1276	2	U	1
9195532	430	1847	2	U	1
917155	445	1377	2	U	1
920227	475	1565	2	U	1
915897	440	1300	2	U	1
917341	450	1510	2	U	1
915861	450	1464	2	U	1
9197101	420	1069	2	U	1