Id	Sire	Dam	Line
10977965	1	1	Wami
10978207	1	1	Wami
10978378	1	1	Wami
10978407	1	1	Wami
10977732	1	1	Wami
10978532	1	1	Wami
10978612	1	1	Wami
10977963	1	1	Wami
10977682	1	1	Wami
10978295	1	1	Wami
10977643	1	1	Wami
10978401	1	1	Wami
10978321	1	1	Wami
10978593	1	1	Wami
10977891	1	1	Wami
10978510	1	1	Wami
10978282	1	1	Wami
10978130	1	1	Wami
10977956	1	1	Wami
10978586	1	1	Wami
10978426	1	1	Wami
10978463	1	1	Wami
10977973	1	1	Wami
10978434	1	1	Wami
10978506	1	1	Wami
10977686	1	1	Wami
10978184	1	1	Wami
10978407	1	1	Wami
10977751	1	1	Wami
10977710	1	1	Wami
10977793	2	2	Wami
10977889	2	2	Wami
10977985	2	2	Wami
10977702	2	2	Wami
10978024	2	2	Wami
10978539	2	2	Wami
10978226	2	2	Wami
10977804	2	2	Wami
10977856	2	2	Wami
10978385	2	2	Wami
10978349	2	2	Wami
10978217	2	2	Wami
10978432	2	2	Wami
10977749	2	2	Wami
10978630	2	2	Wami
10978307	2	2	Wami
10977769	2	2	Wami
10978616	2	2	Wami
10977698	2	2	Wami
109777	2	2	Wami
10978309	2	2	Wami
10978092	2	2	Wami
10978565	2	2	Wami
10977770	2	2	Wami
109788	2	2	Wami
10978431	2	2	Wami
10977968	2	2	Wami
10978117	2	2	Wami
10978045	2	2	Wami
10978344	2	2	Wami
10978284	3	3	Wami
10978427	3	3	Wami
10977905	3	3	Wami
10978034	3	3	Wami
10977840	3	3	Wami
10978629	3	3	Wami
10978414	3	3	Wami
10978181	3	3	Wami
10978019	3	3	Wami
10978373	3	3	Wami
10978354	3	3	Wami
10978325	3	3	Wami
10977768	3	3	Wami
10977993	3	3	Wami
10978395	3	3	Wami
10978359	3	3	Wami
10977862	3	3	Wami
10977747	3	3	Wami
10977668	3	3	Wami
10977971	3	3	Wami
10978521	3	3	Wami
10978047	4	4	Wami
10978466	4	4	Wami
10975865	4	4	Wami
10977890	4	4	Wami
10978180	4	4	Wami
10977838	4	4	Wami
10977703	4	4	Wami
10977785	4	4	Wami
10978224	4	4	Wami
10978313	4	4	Wami
10978091	4	4	Wami
10978230	4	4	Wami
10978382	4	4	Wami
10977976	4	4	Wami
10977922	4	4	Wami
10977805	4	4	Wami
10978068	4	4	Wami
10978608	4	4	Wami
10977871	4	4	Wami
10978206	4	4	Wami
10978440	4	4	Wami
10978338	4	4	Wami
10978294	4	4	Wami
10975859	4	4	Wami
10978531	4	4	Wami
10978156	4	4	Wami
10978459	4	4	Wami
10978040	NA	NA	Chemchem
10978518	5	5	Chemchem
10975249	5	5	Chemchem
10975051	5	5	Chemchem
10975438	NA	NA	Chemchem
10974829	5	5	Chemchem
10974959	5	5	Chemchem
109747	5	5	Chemchem
10975555	5	5	Chemchem
10974823	5	5	Chemchem
10977960	5	5	Chemchem
10975388	5	5	Chemchem
10975573	5	5	Chemchem
10974856	5	5	Chemchem
10974943	5	5	Chemchem
10974803	5	5	Chemchem
10975358	5	5	Chemchem
10974988	5	5	Chemchem
10975209	5	5	Chemchem
10975140	5	5	Chemchem
10975556	5	5	Chemchem
10977796	5	5	Chemchem
10975510	5	5	Chemchem
10974923	5	5	Chemchem
10974925	5	5	Chemchem
10975396	5	5	Chemchem
10975096	5	5	Chemchem
10974653	5	5	Chemchem
10974794	5	5	Chemchem
10974850	5	5	Chemchem
10975184	6	6	Chemchem
10974850	6	6	Chemchem
10975291	6	6	Chemchem
10974964	6	6	Chemchem
10974720	6	6	Chemchem
10975381	6	6	Chemchem
10974990	6	6	Chemchem
10975167	6	6	Chemchem
10975162	6	6	Chemchem
10975406	6	6	Chemchem
10975153	6	6	Chemchem
10974914	6	6	Chemchem
10975415	6	6	Chemchem
10974679	6	6	Chemchem
10974647	6	6	Chemchem
10974967	6	6	Chemchem
10974691	6	6	Chemchem
10974645	6	6	Chemchem
10974892	6	6	Chemchem
10975173	6	6	Chemchem
10975629	6	6	Chemchem
10975310	6	6	Chemchem
10974798	6	6	Chemchem
10975186	6	6	Chemchem
10975465	6	6	Chemchem
10974703	6	6	Chemchem
10974820	6	6	Chemchem
10974934	7	7	Chemchem
10975580	7	7	Chemchem
10974677	7	7	Chemchem
10975358	7	7	Chemchem
10975358	7	7	Chemchem
10975480	7	7	Chemchem
10975358	7	7	Chemchem
10975454	7	7	Chemchem
10975315	7	7	Chemchem
10975068	7	7	Chemchem
10975551	7	7	Chemchem
10974683	7	7	Chemchem
10975560	7	7	Chemchem
10975371	7	7	Chemchem
10974987	7	7	Chemchem
10975546	7	7	Chemchem
10975316	7	7	Chemchem
10974877	7	7	Chemchem
10975490	7	7	Chemchem
10975205	7	7	Chemchem
10974897	7	7	Chemchem
10975413	7	7	Chemchem
10975432	7	7	Chemchem
10975369	7	7	Chemchem
10975148	7	7	Chemchem
10974717	8	8	Chemchem
10974806	8	8	Chemchem
10974875	8	8	Chemchem
10974991	8	8	Chemchem
10974732	8	8	Chemchem
10975155	8	8	Chemchem
10975613	8	8	Chemchem
10974929	8	8	Chemchem
10975110	8	8	Chemchem
10975181	8	8	Chemchem
10974989	8	8	Chemchem
10975628	8	8	Chemchem
10975325	8	8	Chemchem
10975460	8	8	Chemchem
10975583	8	8	Chemchem
10975403	8	8	Chemchem
10977660	8	8	Chemchem
10977717	8	8	Chemchem
10979553	8	8	Chemchem
10975608	8	8	Chemchem
10975152	8	8	Chemchem
10975409	8	8	Chemchem
10974812	8	8	Chemchem
10974821	8	8	Chemchem
10975473	8	8	Chemchem
10975508	8	8	Chemchem
10974743	8	8	Chemchem
10975014	8	8	Chemchem
10974776	8	8	Chemchem
10975485	9	9	Mindu
10975074	9	9	Mindu
10974974	9	9	Mindu
10975019	9	9	Mindu
10974998	9	9	Mindu
10974956	9	9	Mindu
10975350	NA	NA	Mindu
10974670	9	9	Mindu
10975021	9	9	Mindu
10975330	9	9	Mindu
10975356	9	9	Mindu
10975027	9	9	Mindu
10975448	9	9	Mindu
10975130	9	9	Mindu
10975241	9	9	Mindu
10975419	9	9	Mindu
10975545	9	9	Mindu
10975498	9	9	Mindu
109756	9	9	Mindu
10975140	9	9	Mindu
10975311	9	9	Mindu
10975621	9	9	Mindu
10974859	9	9	Mindu
10974898	9	9	Mindu
10975579	9	9	Mindu
10975262	9	9	Mindu
10975472	9	9	Mindu
10974918	10	10	Mindu
10975280	10	10	Mindu
10975482	10	10	Mindu
10974771	10	10	Mindu
10974950	10	10	Mindu
10975054	10	10	Mindu
10975048	10	10	Mindu
10974949	10	10	Mindu
10975418	10	10	Mindu
10975469	10	10	Mindu
10975491	10	10	Mindu
10974733	10	10	Mindu
10975524	10	10	Mindu
10975383	10	10	Mindu
10974769	10	10	Mindu
10975086	10	10	Mindu
10975142	10	10	Mindu
10975332	10	10	Mindu
10974740	10	10	Mindu
10974729	10	10	Mindu
10974862	10	10	Mindu
10975531	10	10	Mindu
10975135	0	0	Mindu
10975581	0	0	Mindu
10975265	0	0	Mindu
10975349	10	10	Mindu
109755	10	10	Mindu
10975343	10	10	Mindu
10975289	10	10	Mindu
10974953	10	10	Mindu
10974815	10	10	Mindu
10974888	11	11	Mindu
10974896	11	11	Mindu
10974751	11	11	Mindu
10974749	11	11	Mindu
10974783	11	11	Mindu
109751	11	11	Mindu
10975412	11	11	Mindu
10974978	11	11	Mindu
10975360	11	11	Mindu
10974672	11	11	Mindu
10975607	11	11	Mindu
10974799	11	11	Mindu
10975126	11	11	Mindu
10974842	11	11	Mindu
10974984	11	11	Mindu
10975050	11	11	Mindu
10975618	11	11	Mindu
10975375	11	11	Mindu
10975084	11	11	Mindu
10975071	11	11	Mindu
10975240	11	11	Mindu
10975550	11	11	Mindu
10974993	11	11	Mindu
10975229	11	11	Mindu
10976587	11	11	Mindu
10975449	11	11	Mindu
10975254	11	11	Mindu
10975424	11	11	Mindu
10974775	11	11	Mindu
10974824	11	11	Mindu
10974755	12	12	Mindu
10975474	12	12	Mindu
10975034	12	12	Mindu
10974975	12	12	Mindu
10975263	12	12	Mindu
10974985	12	12	Mindu
10974797	12	12	Mindu
10975563	12	12	Mindu
10975105	12	12	Mindu
10975337	12	12	Mindu
10975312	12	12	Mindu
10975102	12	12	Mindu
10975166	12	12	Mindu
10974807	12	12	Mindu
10974817	12	12	Mindu
10974845	12	12	Mindu
10974836	12	12	Mindu
10974681	12	12	Mindu
10974724	12	12	Mindu
10975323	12	12	Mindu
10974759	12	12	Mindu
10975446	12	12	Mindu
10974864	12	12	Mindu
10975259	12	12	Mindu
10975271	12	12	Mindu
10975108	12	12	Mindu
10975281	12	12	Mindu
10974839	12	12	Mindu
10975193	12	12	Mindu
10975314	12	12	Mindu
10974980	13	13	Utete
10975120	13	13	Utete
10975161	13	13	Utete
10975614	13	13	Utete
10974763	13	13	Utete
10974688	13	13	Utete
10974838	13	13	Utete
10974760	13	13	Utete
10975431	13	13	Utete
10974809	13	13	Utete
10975554	13	13	Utete
10975201	13	13	Utete
10974642	13	13	Utete
10974841	13	13	Utete
10975463	13	13	Utete
10975364	13	13	Utete
10975433	13	13	Utete
10974882	13	13	Utete
10975080	13	13	Utete
10975543	13	13	Utete
10975511	13	13	Utete
10975283	13	13	Utete
10975532	13	13	Utete
10975119	13	13	Utete
10975390	13	13	Utete
10975352	13	13	Utete
109755	13	13	Utete
10975212	13	13	Utete
10975175	13	13	Utete
10974646	14	14	Utete
10974933	14	14	Utete
10975117	NA	NA	Utete
10974634	14	14	Utete
10975141	14	14	Utete
10975378	NA	14	Utete
10975572	NA	14	Utete
10975303	NA	14	Utete
10975146	14	14	Utete
10975516	14	14	Utete
10975598	14	14	Utete
10975065	14	14	Utete
10974652	14	14	Utete
10975582	14	14	Utete
10975456	14	14	Utete
10975334	14	14	Utete
10974868	14	14	Utete
10974994	14	14	Utete
10975437	14	14	Utete
10975475	14	14	Utete
10975447	14	14	Utete
10974885	14	14	Utete
10974756	15	15	Utete
10975242	15	15	Utete
10975174	15	15	Utete
10974660	15	15	Utete
10974635	15	15	Utete
10974639	15	15	Utete
10975588	15	15	Utete
10975436	15	15	Utete
10975436	15	15	Utete
10975150	15	15	Utete
10975269	15	15	Utete
10975591	15	15	Utete
10974889	15	15	Utete
10974701	15	15	Utete
10975414	15	15	Utete
10975479	15	15	Utete
10974757	15	15	Utete
10975251	0	0	Utete
10974931	15	0	Utete
10975033	15	0	Utete
10974833	15	0	Utete
10975109	15	0	Utete
10974834	15	0	Utete
10975138	15	15	Utete
10975593	16	16	Utete
10975313	16	16	Utete
10974731	16	16	Utete
10974695	16	16	Utete
10975537	16	16	Utete
10975489	16	16	Utete
10975268	16	16	Utete
10974711	16	16	Utete
10975049	16	16	Utete
10975467	16	16	Utete
10974781	16	16	Utete
10975275	16	16	Utete
10974970	16	16	Utete
10974867	16	16	Utete
10975103	16	16	Utete
10975145	16	16	Utete
10975243	16	16	Utete
10975398	16	16	Utete
10974669	16	16	Utete
10974887	16	16	Utete
10974844	16	16	Utete
10975362	16	16	Utete
10974704	16	16	Utete
10975411	16	16	Utete
10975238	16	16	Utete
10975149	16	16	Utete
10974819	16	16	Utete
10975079	16	16	Utete
10974884	16	16	Utete
10974633	16	16	Utete
10975056	17	17	Kibasira
10974876	17	17	Kibasira
10974895	17	17	Kibasira
10974706	17	17	Kibasira
10974793	17	17	Kibasira
10975377	17	17	Kibasira
10975222	17	17	Kibasira
10975436	17	17	Kibasira
10974649	17	17	Kibasira
10975563	17	17	Kibasira
10975250	17	17	Kibasira
10975354	17	17	Kibasira
10975018	18	18	Kibasira
10975476	18	18	Kibasira
10975578	18	18	Kibasira
10975549	18	18	Kibasira
10975565	18	18	Kibasira
10974851	18	18	Kibasira
10975487	18	18	Kibasira
10974946	18	18	Kibasira
10974661	18	18	Kibasira
109752	18	18	Kibasira
10975244	18	18	Kibasira
10975182	18	18	Kibasira
10974753	18	18	Kibasira
10975717	18	18	Kibasira
10975536	19	19	Kibasira
10975172	19	19	Kibasira
10975255	19	19	Kibasira
10975405	19	19	Kibasira
10975218	19	19	Kibasira
10974693	19	19	Kibasira
10974957	19	19	Kibasira
10975164	19	19	Kibasira
10975304	19	19	Kibasira
10975020	19	19	Kibasira
10975452	19	19	Kibasira
10974927	19	19	Kibasira
10975481	19	19	Kibasira
10975340	19	19	Kibasira
10975517	19	19	Kibasira
10975517	19	19	Kibasira
10975517	19	19	Kibasira
10975010	19	19	Kibasira
10975534	19	19	Kibasira
10975341	19	19	Kibasira
10975451	19	19	Kibasira
10974960	19	19	Kibasira
10975574	19	19	Kibasira
10975603	19	19	Kibasira
10975392	19	19	Kibasira
10975124	19	19	Kibasira
10974936	19	19	Kibasira
10974854	19	19	Kibasira
10975182	19	19	Kibasira
10974678	19	19	Kibasira
10974939	19	19	Kibasira
10975153	19	19	Kibasira
10977207	20	20	Nyamisati
10977619	20	20	Nyamisati
10977332	20	20	Nyamisati
10977334	20	20	Nyamisati
10977498	20	20	Nyamisati
10977414	20	20	Nyamisati
10976765	20	20	Nyamisati
10976711	20	20	Nyamisati
10977248	20	20	Nyamisati
10977192	20	20	Nyamisati
10977257	20	20	Nyamisati
10976662	20	20	Nyamisati
10976950	20	20	Nyamisati
10977276	20	20	Nyamisati
10974658	20	20	Nyamisati
10977087	20	20	Nyamisati
10977624	20	20	Nyamisati
10977150	20	20	Nyamisati
10974707	0	0	Nyamisati
10975540	0	0	Nyamisati
10976734	20	20	Nyamisati
10977399	20	20	Nyamisati
10976654	20	20	Nyamisati
10977188	0	0	Nyamisati
10976805	20	20	Nyamisati
10977528	20	20	Nyamisati
10977164	20	0	Nyamisati
10976936	20	0	Nyamisati
10976756	20	0	Nyamisati
10975517	21	21	Nyamisati
10974825	21	21	Nyamisati
10975512	21	21	Nyamisati
10975207	21	21	Nyamisati
10975170	21	21	Nyamisati
10975094	21	21	Nyamisati
109753	21	21	Nyamisati
10974954	21	21	Nyamisati
10974780	21	21	Nyamisati
10975216	21	21	Nyamisati
10975234	21	21	Nyamisati
10974787	21	21	Nyamisati
10975047	21	21	Nyamisati
10975015	21	21	Nyamisati
10975276	21	21	Nyamisati
10974870	21	21	Nyamisati
10974847	21	21	Nyamisati
10975625	21	21	Nyamisati
10974663	21	21	Nyamisati
10975072	21	21	Nyamisati
10975248	21	21	Nyamisati
10974826	21	21	Nyamisati
10975075	21	21	Nyamisati
10975523	21	21	Nyamisati
10975126	21	21	Nyamisati
10975577	21	21	Nyamisati
10974865	21	21	Nyamisati
10975619	22	22	Nyamisati
10975211	22	22	Nyamisati
10975076	22	22	Nyamisati
10975237	22	22	Nyamisati
10975327	22	22	Nyamisati
10974979	22	22	Nyamisati
10974738	22	22	Nyamisati
10975285	22	22	Nyamisati
10975035	22	22	Nyamisati
10975568	22	22	Nyamisati
10974983	22	22	Nyamisati
10974983	22	22	Nyamisati
10975282	22	22	Nyamisati
10975044	22	22	Nyamisati
10975459	22	22	Nyamisati
10975444	22	22	Nyamisati
10975230	22	22	Nyamisati
109749	22	22	Nyamisati
10975495	22	22	Nyamisati
10974831	22	22	Nyamisati
10975601	22	22	Nyamisati
10975037	22	22	Nyamisati
10974723	22	22	Nyamisati
10975557	22	22	Nyamisati
10975203	22	22	Nyamisati
10974730	22	22	Nyamisati
10975030	22	22	Nyamisati
10975612	22	22	Nyamisati
10974705	22	22	Nyamisati
10975272	23	23	Nyamisati
10974699	23	23	Nyamisati
10974983	23	23	Nyamisati
10975564	23	23	Nyamisati
10975385	23	23	Nyamisati
10975592	23	23	Nyamisati
10975116	23	23	Nyamisati
10975053	23	23	Nyamisati
10974643	23	23	Nyamisati
10975217	23	23	Nyamisati
10974983	23	23	Nyamisati
10975504	23	23	Nyamisati
10974690	23	23	Nyamisati
10975245	23	23	Nyamisati
10975288	23	23	Nyamisati
10975151	23	23	Nyamisati
10975123	23	23	Nyamisati
10974725	23	23	Nyamisati
10975258	23	23	Nyamisati
10975194	23	23	Nyamisati
10975570	23	23	Nyamisati
10975264	23	23	Nyamisati
10974694	23	23	Nyamisati
10975317	23	23	Nyamisati
10975073	23	23	Nyamisati
10975368	23	23	Nyamisati
10975081	23	23	Nyamisati
10974881	23	23	Nyamisati
10975468	23	23	Nyamisati
10975525	23	23	Nyamisati
10974764	24	24	Bwawani
10974698	24	24	Bwawani
10975195	24	24	Bwawani
10974894	24	24	Bwawani
10975610	24	24	Bwawani
10975278	24	24	Bwawani
10975571	24	24	Bwawani
10975196	24	24	Bwawani
10974944	24	24	Bwawani
109751	24	24	Bwawani
10975379	24	24	Bwawani
10974930	24	24	Bwawani
10975042	24	24	Bwawani
10975098	24	24	Bwawani
10974880	24	24	Bwawani
10975370	24	24	Bwawani
10975305	24	24	Bwawani
10975501	24	24	Bwawani
10975046	24	24	Bwawani
10974928	24	24	Bwawani
10974746	24	24	Bwawani
10975296	24	24	Bwawani
10975011	24	24	Bwawani
10975319	24	24	Bwawani
10975421	24	24	Bwawani
10974926	24	24	Bwawani
10975122	24	24	Bwawani
10975410	24	24	Bwawani
10974668	24	24	Bwawani
10975622	24	24	Bwawani
10974907	25	25	Bwawani
10975297	25	25	Bwawani
10975279	25	25	Bwawani
10974866	25	25	Bwawani
10975261	25	25	Bwawani
10974636	25	25	Bwawani
10974901	25	25	Bwawani
10974659	25	25	Bwawani
10975457	25	25	Bwawani
10975113	25	25	Bwawani
10974840	25	25	Bwawani
10975522	25	25	Bwawani
10975106	25	25	Bwawani
10974638	25	25	Bwawani
10975397	25	25	Bwawani
10975187	25	25	Bwawani
10974866	25	25	Bwawani
10975267	25	25	Bwawani
10975040	26	26	Bwawani
10975228	26	26	Bwawani
10975012	26	26	Bwawani
10974752	26	26	Bwawani
10975231	26	26	Bwawani
10974715	26	26	Bwawani
10975290	26	26	Bwawani
10974709	26	26	Bwawani
10974848	26	26	Bwawani
10975486	NA	NA	Bwawani
10975061	NA	NA	Bwawani
10975202	26	NA	Bwawani
10975346	26	NA	Bwawani
10974739	26	26	Bwawani
10975347	26	26	Bwawani
10974813	26	26	Bwawani
10975561	26	26	Bwawani
10975070	26	26	Bwawani
10975425	26	26	Bwawani
10975017	26	26	Bwawani
10975394	26	26	Bwawani
10975590	26	26	Bwawani
10975627	26	26	Bwawani
10974913	26	26	Bwawani
10975600	27	27	Bwawani
10974872	27	27	Bwawani
10975157	27	27	Bwawani
10974866	27	27	Bwawani
10975492	27	27	Bwawani
10974727	27	27	Bwawani
10974662	27	27	Bwawani
10975026	27	27	Bwawani
10975602	27	27	Bwawani
10977609	27	27	Bwawani
10974915	27	27	Bwawani
10975082	27	27	Bwawani
10975125	27	27	Bwawani
10974883	27	27	Bwawani
10975605	27	27	Bwawani
10974632	27	27	Bwawani
10975306	27	27	Bwawani
10975087	27	27	Bwawani
10974961	27	27	Bwawani
10974901	27	27	Bwawani
10975391	28	28	Kilola
10974686	28	28	Kilola
10975533	28	28	Kilola
10974791	28	28	Kilola
10975016	28	28	Kilola
10974941	28	28	Kilola
10975189	28	28	Kilola
109754	28	28	Kilola
10974785	28	28	Kilola
10977402	28	28	Kilola
10977109	28	28	Kilola
10976392	28	28	Kilola
10977227	28	28	Kilola
10977267	28	28	Kilola
10977178	28	28	Kilola
10976651	28	28	Kilola
10977320	28	28	Kilola
10977630	29	29	Kilola
10977037	29	29	Kilola
10977628	29	29	Kilola
10977210	29	29	Kilola
10977532	29	29	Kilola
10977564	29	29	Kilola
10977508	29	29	Kilola
10976643	29	29	Kilola
10976748	29	29	Kilola
10977618	29	29	Kilola
10977561	29	29	Kilola
10977439	29	29	Kilola
10977306	29	29	Kilola
10977479	29	29	Kilola
10977466	29	29	Kilola
10976939	29	29	Kilola
10977409	29	29	Kilola
10977517	29	29	Kilola
10977126	29	29	Kilola
10977079	29	29	Kilola
10977503	29	29	Kilola
10977418	29	29	Kilola
10977468	29	29	Kilola
10977304	29	29	Kilola
10977574	29	29	Kilola
10977218	29	29	Kilola
10974879	30	30	Kilola
10977458	30	30	Kilola
10977379	30	30	Kilola
10977433	30	30	Kilola
10977471	30	30	Kilola
10976804	30	30	Kilola
10976656	30	30	Kilola
10977310	30	30	Kilola
10977376	30	30	Kilola
10976968	30	30	Kilola
10977013	30	30	Kilola
10977227	30	30	Kilola
10977026	30	30	Kilola
10976971	30	30	Kilola
10977333	30	30	Kilola
10977049	30	30	Kilola
10977489	30	30	Kilola
10976858	30	30	Kilola
10977626	30	30	Kilola
10976741	30	30	Kilola
10976647	30	30	Kilola
10977582	30	30	Kilola
10975626	30	30	Kilola
10977591	31	31	Kilola
10977051	31	31	Kilola
10976707	31	31	Kilola
10977085	31	31	Kilola
10977165	31	31	Kilola
10976969	31	31	Kilola
10977449	31	31	Kilola
10977438	31	31	Kilola
10977299	31	31	Kilola
10977273	31	31	Kilola
10977132	31	31	Kilola
10977605	31	31	Kilola
10977104	31	31	Kilola
10977212	31	31	Kilola
10977216	31	31	Kilola
10977057	31	31	Kilola
10977444	31	31	Kilola
10977034	31	31	Kilola
10977252	31	31	Kilola
10977609	31	31	Kilola
10977609	31	31	Kilola
10977609	31	31	Kilola
10976844	31	31	Kilola
10977476	31	31	Kilola
10977478	31	31	Kilola
10977255	31	31	Kilola
10977580	31	31	Kilola
10974909	32	32	Ruaha
10974722	32	32	Ruaha
10975090	32	32	Ruaha
10975277	32	32	Ruaha
10974779	32	32	Ruaha
10974773	32	32	Ruaha
10975351	32	32	Ruaha
10975318	32	32	Ruaha
10975091	NA	32	Ruaha
10975227	NA	32	Ruaha
10974965	32	32	Ruaha
10975128	32	32	Ruaha
10974846	32	32	Ruaha
10974801	32	NA	Ruaha
10975055	32	32	Ruaha
10975057	32	32	Ruaha
10974871	32	NA	Ruaha
10974869	32	32	Ruaha
10974770	32	32	Ruaha
10974734	32	32	Ruaha
10974666	32	32	Ruaha
10977059	33	33	Ruaha
10977353	33	33	Ruaha
10977483	33	33	Ruaha
10976953	33	33	Ruaha
10976962	33	33	Ruaha
10977599	33	33	Ruaha
10977247	33	33	Ruaha
10977827	33	33	Ruaha
10976675	33	33	Ruaha
10977269	33	33	Ruaha
10977604	33	33	Ruaha
10977550	33	33	Ruaha
10976764	33	33	Ruaha
10977408	33	33	Ruaha
10977339	33	33	Ruaha
10977092	33	33	Ruaha
10977159	33	33	Ruaha
10977554	33	33	Ruaha
10977381	33	33	Ruaha
10976793	33	33	Ruaha
10976663	33	33	Ruaha
10977275	34	34	Ruaha
10977559	34	34	Ruaha
10977513	34	34	Ruaha
10977390	34	34	Ruaha
10977523	34	34	Ruaha
10977491	34	34	Ruaha
10977149	34	34	Ruaha
10977045	34	34	Ruaha
10977228	34	34	Ruaha
10977036	34	34	Ruaha
10976931	34	34	Ruaha
10977431	34	34	Ruaha
10976864	34	34	Ruaha
10976799	34	34	Ruaha
10977570	34	34	Ruaha
10976720	35	35	Ruaha
10977364	35	35	Ruaha
10977585	35	35	Ruaha
10977447	35	35	Ruaha
10977010	35	35	Ruaha
10977405	35	35	Ruaha
10976709	35	35	Ruaha
10976646	35	35	Ruaha
10977623	35	35	Ruaha
10977076	35	35	Ruaha
10977530	35	35	Ruaha
10977563	35	35	Ruaha
10977199	35	35	Ruaha
10977429	35	35	Ruaha
10976691	35	35	Ruaha
10977061	35	35	Ruaha
10977176	35	35	Ruaha
10977312	35	35	Ruaha
10976156	1	1	Wami
10975688	1	1	Wami
10975938	1	1	Wami
10975877	1	1	Wami
10975925	1	1	Wami
10976549	1	1	Wami
10976539	1	1	Wami
10975850	1	1	Wami
10976364	1	1	Wami
10976118	1	1	Wami
10977543	1	1	Wami
10976380	1	1	Wami
10976176	1	1	Wami
109791	1	1	Wami
10976147	1	1	Wami
10976209	1	1	Wami
10975801	1	1	Wami
10976276	1	1	Wami
10975870	1	1	Wami
10976355	1	1	Wami
10976466	1	1	Wami
10976171	1	1	Wami
10976560	1	1	Wami
10976542	1	1	Wami
10975989	1	1	Wami
10975922	1	1	Wami
10975891	1	1	Wami
10976199	1	1	Wami
10975720	2	2	Wami
10976369	2	2	Wami
10975899	2	2	Wami
10976438	2	2	Wami
10975647	2	2	Wami
10976062	2	2	Wami
10976210	2	2	Wami
10976502	2	2	Wami
10975716	2	2	Wami
10976077	2	2	Wami
10975646	2	2	Wami
10976152	2	2	Wami
10975872	2	2	Wami
10976282	2	2	Wami
10975708	2	2	Wami
10978177	2	2	Wami
10975985	2	2	Wami
10978177	2	2	Wami
10976254	2	2	Wami
10976233	2	2	Wami
10978177	2	2	Wami
10975929	2	2	Wami
10976240	2	2	Wami
10976493	2	2	Wami
10976290	2	2	Wami
10975751	2	2	Wami
10976386	2	2	Wami
10976238	2	2	Wami
10976568	3	3	Wami
10976077	3	3	Wami
10976204	3	3	Wami
10976076	3	3	Wami
10975918	3	3	Wami
10975993	3	3	Wami
10976417	3	3	Wami
10975694	3	3	Wami
10976055	3	3	Wami
10976494	3	3	Wami
10976031	3	3	Wami
10975841	3	3	Wami
10976454	3	3	Wami
10976216	3	3	Wami
10976112	3	3	Wami
10976540	3	3	Wami
10976022	3	3	Wami
10976487	3	3	Wami
10976397	3	3	Wami
10976471	3	3	Wami
10975739	3	3	Wami
10975725	3	3	Wami
10976247	3	3	Wami
10975759	4	4	Wami
10976429	4	4	Wami
10976428	4	4	Wami
10975895	4	4	Wami
10976414	4	4	Wami
10976129	4	4	Wami
10976559	4	4	Wami
10975798	4	4	Wami
10975995	4	4	Wami
10975930	4	4	Wami
10976599	4	4	Wami
10975988	4	4	Wami
10975649	4	4	Wami
10976464	4	4	Wami
10975951	4	4	Wami
10975747	4	4	Wami
10976511	4	4	Wami
10976113	4	4	Wami
10976182	4	4	Wami
10976242	4	4	Wami
10976119	4	4	Wami
10975821	4	4	Wami
10975979	4	4	Wami
10976499	4	4	Wami
10977895	5	5	Chemchem
10975170	5	5	Chemchem
10977921	5	5	Chemchem
10978037	5	5	Chemchem
10978323	5	5	Chemchem
10978513	5	5	Chemchem
10978610	5	5	Chemchem
10978112	5	5	Chemchem
10978483	5	5	Chemchem
10977325	5	5	Chemchem
10978871	5	5	Chemchem
10977958	6	6	Chemchem
10978239	6	6	Chemchem
10978074	6	6	Chemchem
10978386	6	6	Chemchem
10978012	6	6	Chemchem
10978011	6	6	Chemchem
10977666	6	6	Chemchem
10978537	6	6	Chemchem
10978535	6	6	Chemchem
10978274	6	6	Chemchem
10978342	6	6	Chemchem
10978360	6	6	Chemchem
10977671	6	6	Chemchem
10978115	6	6	Chemchem
10978199	6	6	Chemchem
10978245	6	6	Chemchem
109886	6	6	Chemchem
10977925	6	6	Chemchem
10978341	6	6	Chemchem
10977907	6	6	Chemchem
10978333	6	6	Chemchem
10977898	6	6	Chemchem
10978602	6	6	Chemchem
10977730	6	6	Chemchem
10977719	6	6	Chemchem
10978428	6	6	Chemchem
10977718	6	6	Chemchem
10977709	6	6	Chemchem
10977978	6	6	Chemchem
10977681	6	6	Chemchem
10977696	7	7	Chemchem
10978212	7	7	Chemchem
10977640	7	7	Chemchem
10978087	7	7	Chemchem
10978225	7	7	Chemchem
10978620	7	7	Chemchem
10977722	7	7	Chemchem
10977775	7	7	Chemchem
10977779	7	7	Chemchem
10978457	7	7	Chemchem
10978487	7	7	Chemchem
10978540	7	7	Chemchem
10977631	7	7	Chemchem
10977688	7	7	Chemchem
109788	7	7	Chemchem
10978525	7	7	Chemchem
10977649	7	7	Chemchem
10977724	7	7	Chemchem
10978272	7	7	Chemchem
10977972	7	7	Chemchem
10978287	7	7	Chemchem
10978583	7	7	Chemchem
10978516	7	7	Chemchem
10978290	7	7	Chemchem
10978581	7	7	Chemchem
10978055	7	7	Chemchem
10977930	7	7	Chemchem
10977641	7	7	Chemchem
10978025	7	7	Chemchem
10978101	7	7	Chemchem
10978337	8	8	Chemchem
10978263	8	8	Chemchem
10978121	8	8	Chemchem
10978528	8	8	Chemchem
10978473	8	8	Chemchem
10977715	8	8	Chemchem
10978465	8	8	Chemchem
10978496	8	8	Chemchem
10977994	8	8	Chemchem
10977961	8	8	Chemchem
10977982	8	8	Chemchem
10978570	8	8	Chemchem
10977685	8	8	Chemchem
10977997	8	8	Chemchem
10977853	8	8	Chemchem
10978193	8	8	Chemchem
10978310	8	8	Chemchem
10978182	8	8	Chemchem
10978328	8	8	Chemchem
10977644	8	8	Chemchem
10977820	8	8	Chemchem
10978257	8	8	Chemchem
10978469	8	8	Chemchem
10978256	8	8	Chemchem
10978334	8	8	Chemchem
10977977	8	8	Chemchem
10978456	8	8	Chemchem
10978059	8	8	Chemchem
10978035	8	8	Chemchem
10977881	8	8	Chemchem
10976108	9	9	Mindu
10976388	9	9	Mindu
10976398	9	9	Mindu
10975816	9	9	Mindu
10976157	9	9	Mindu
10975960	9	9	Mindu
10976138	9	9	Mindu
10976550	9	9	Mindu
10976416	9	9	Mindu
10976340	9	9	Mindu
10976372	9	9	Mindu
10976051	9	9	Mindu
10975685	9	9	Mindu
10976012	NA	9	Mindu
10976106	NA	9	Mindu
10976146	NA	9	Mindu
10976024	9	9	Mindu
10976079	9	9	Mindu
10976078	9	9	Mindu
10976295	9	9	Mindu
10975699	NA	NA	Mindu
10976270	NA	NA	Mindu
10975888	9	9	Mindu
10976127	9	9	Mindu
10976342	9	9	Mindu
10976387	9	9	Mindu
10975916	9	9	Mindu
10975639	9	9	Mindu
10975637	9	9	Mindu
10975904	10	10	Mindu
10975966	10	10	Mindu
10975889	10	10	Mindu
10976522	0	0	Mindu
10976132	0	0	Mindu
10975890	0	0	Mindu
10975825	10	0	Mindu
10975834	10	10	Mindu
10976524	10	10	Mindu
10976121	10	10	Mindu
10975856	10	10	Mindu
10976362	0	0	Mindu
10976411	0	0	Mindu
10976030	0	0	Mindu
10975972	0	0	Mindu
10976177	0	10	Mindu
10976336	0	10	Mindu
10976443	0	10	Mindu
10975838	0	10	Mindu
10976527	10	0	Mindu
10976455	10	0	Mindu
10976584	10	0	Mindu
10975652	10	0	Mindu
10976406	10	0	Mindu
10976567	10	10	Mindu
10976538	10	10	Mindu
10976622	10	10	Mindu
10976038	10	10	Mindu
10976255	0	0	Mindu
10976345	0	0	Mindu
10976352	11	11	Mindu
10976270	11	11	Mindu
10976014	11	11	Mindu
10976506	11	11	Mindu
10976158	11	11	Mindu
10976611	11	11	Mindu
10975949	11	11	Mindu
10976222	11	11	Mindu
10975707	11	11	Mindu
10975833	11	11	Mindu
10976039	11	11	Mindu
10976601	11	11	Mindu
10976469	11	11	Mindu
10976347	11	11	Mindu
10975915	11	11	Mindu
10978177	11	11	Mindu
10975982	11	11	Mindu
10976418	11	11	Mindu
10975757	11	11	Mindu
10976261	11	11	Mindu
10976485	11	11	Mindu
10975654	11	11	Mindu
10975641	11	11	Mindu
10976281	11	11	Mindu
10976131	11	11	Mindu
10976144	11	11	Mindu
10975897	11	11	Mindu
10976268	11	11	Mindu
10976280	11	11	Mindu
10975880	12	12	Mindu
10975695	12	12	Mindu
10976439	12	12	Mindu
10976595	12	12	Mindu
10975811	12	12	Mindu
10976213	12	12	Mindu
10975669	12	12	Mindu
10976609	12	12	Mindu
10975927	12	12	Mindu
10976308	12	12	Mindu
10976201	12	12	Mindu
10975868	12	12	Mindu
10975957	12	12	Mindu
10976107	12	12	Mindu
10975333	12	12	Mindu
10976377	12	12	Mindu
10976492	12	12	Mindu
10975804	12	12	Mindu
10976021	12	12	Mindu
10975819	12	12	Mindu
10975656	12	12	Mindu
10975947	12	12	Mindu
10976318	12	12	Mindu
10976339	13	36	Utete
10976498	13	36	Utete
10976619	13	36	Utete
10976627	13	36	Utete
10976267	13	36	Utete
10976581	13	36	Utete
10976183	13	36	Utete
10976446	13	36	Utete
10976530	13	36	Utete
10975682	13	36	Utete
10976368	13	36	Utete
10976208	13	36	Utete
10976151	13	36	Utete
10975722	13	36	Utete
10976163	13	36	Utete
10976045	13	36	Utete
10976535	13	36	Utete
10976444	13	36	Utete
10975723	13	36	Utete
10976223	13	36	Utete
10976128	14	14	Utete
10976385	14	14	Utete
10975914	14	14	Utete
10976587	14	14	Utete
10975950	14	14	Utete
10976271	14	14	Utete
10976544	14	14	Utete
10976275	14	14	Utete
10975944	14	14	Utete
10975980	14	14	Utete
10975875	14	14	Utete
10975883	14	14	Utete
10975729	14	14	Utete
10976507	14	14	Utete
10976590	14	14	Utete
10975948	14	14	Utete
10976473	14	14	Utete
10976558	14	14	Utete
10975768	14	14	Utete
10976291	14	14	Utete
10976629	14	14	Utete
10976285	14	14	Utete
10975761	14	14	Utete
10975023	14	14	Utete
10976064	14	14	Utete
10975820	14	14	Utete
10976564	14	14	Utete
10976228	14	14	Utete
10976467	14	14	Utete
10976441	14	14	Utete
10975633	15	15	Utete
10976565	15	15	Utete
10976080	15	15	Utete
10976205	15	15	Utete
10976593	15	15	Utete
10975812	15	15	Utete
10975679	15	15	Utete
10975673	15	15	Utete
10976468	15	15	Utete
10976191	15	15	Utete
109761	15	15	Utete
10976323	15	15	Utete
10976450	15	15	Utete
10975794	15	15	Utete
10976341	15	15	Utete
10975964	15	15	Utete
10975844	15	15	Utete
10975854	15	15	Utete
10976185	15	15	Utete
109766	15	15	Utete
10976244	15	15	Utete
10976135	15	15	Utete
10976598	15	15	Utete
10976508	15	15	Utete
10976256	15	15	Utete
10976449	15	15	Utete
10975902	15	15	Utete
10976555	15	15	Utete
10976383	15	15	Utete
10975796	15	15	Utete
10976431	16	16	Utete
10975823	16	16	Utete
10976110	16	16	Utete
10975714	16	16	Utete
10975793	16	16	Utete
10976319	16	16	Utete
10975799	16	16	Utete
10976217	16	16	Utete
10976548	16	16	Utete
10975698	16	16	Utete
10976445	16	16	Utete
10976161	16	16	Utete
10976317	16	16	Utete
10976424	16	16	Utete
10976036	16	16	Utete
10975653	16	16	Utete
10975892	16	16	Utete
10975724	16	16	Utete
10975978	16	16	Utete
10975963	16	16	Utete
10976579	16	16	Utete
10975769	16	16	Utete
10976363	16	16	Utete
10975740	16	16	Utete
10976075	16	16	Utete
10976150	17	17	Kibasira
10975781	17	17	Kibasira
10975981	17	17	Kibasira
10975879	17	17	Kibasira
109759	17	17	Kibasira
10976596	17	17	Kibasira
10975855	17	17	Kibasira
10976298	17	17	Kibasira
10975941	17	17	Kibasira
10976102	17	17	Kibasira
10976186	18	18	Kibasira
10976312	18	18	Kibasira
10976379	18	18	Kibasira
10976033	18	18	Kibasira
10976384	18	18	Kibasira
10976304	18	18	Kibasira
10976582	18	18	Kibasira
10976288	18	18	Kibasira
10976373	18	18	Kibasira
10976381	18	18	Kibasira
10976349	18	18	Kibasira
10976472	18	18	Kibasira
10975919	18	18	Kibasira
10975861	19	19	Kibasira
10976366	19	19	Kibasira
10975742	19	19	Kibasira
10976470	19	19	Kibasira
10975664	19	19	Kibasira
10975358	19	19	Kibasira
10976337	19	19	Kibasira
10976356	19	19	Kibasira
10976515	19	19	Kibasira
10976194	19	19	Kibasira
10976655	19	19	Kibasira
10976084	19	19	Kibasira
10976302	19	19	Kibasira
10975310	19	19	Kibasira
10975795	19	19	Kibasira
10975882	19	19	Kibasira
10976297	19	19	Kibasira
10976034	19	19	Kibasira
10976310	19	19	Kibasira
10975896	19	19	Kibasira
10976423	19	19	Kibasira
10976172	19	19	Kibasira
10975676	19	19	Kibasira
10976562	19	19	Kibasira
10976052	19	19	Kibasira
10976419	19	19	Kibasira
10975954	19	19	Kibasira
10976162	19	19	Kibasira
10976105	19	19	Kibasira
10975687	19	19	Kibasira
10976407	20	20	Nyamisati
10976331	20	20	Nyamisati
10976330	20	20	Nyamisati
10976624	20	20	Nyamisati
10975643	20	20	Nyamisati
10976321	20	20	Nyamisati
10976111	20	20	Nyamisati
10975790	20	20	Nyamisati
10975755	20	20	Nyamisati
10975733	20	20	Nyamisati
10976402	20	20	Nyamisati
10977528	20	20	Nyamisati
10976286	0	20	Nyamisati
10976570	0	20	Nyamisati
10975667	0	20	Nyamisati
109768	20	20	Nyamisati
10975756	0	20	Nyamisati
10976041	0	20	Nyamisati
10976024	0	20	Nyamisati
10975727	0	20	Nyamisati
10976516	20	20	Nyamisati
10976483	0	20	Nyamisati
10975773	0	20	Nyamisati
10975744	0	20	Nyamisati
10975745	20	20	Nyamisati
10976253	20	20	Nyamisati
10976343	20	20	Nyamisati
10976486	20	20	Nyamisati
10975784	20	20	Nyamisati
10975901	20	20	Nyamisati
10975836	21	21	Nyamisati
10975636	21	21	Nyamisati
10975635	21	21	Nyamisati
10976294	21	21	Nyamisati
10975827	21	21	Nyamisati
10976184	21	21	Nyamisati
10976462	21	21	Nyamisati
10976303	21	21	Nyamisati
10976198	21	21	Nyamisati
10976615	21	21	Nyamisati
10976474	21	21	Nyamisati
10976168	21	21	Nyamisati
10976130	21	21	Nyamisati
10976344	21	21	Nyamisati
10976049	21	21	Nyamisati
109763	21	21	Nyamisati
10976230	21	21	Nyamisati
10975842	21	21	Nyamisati
10978177	21	21	Nyamisati
10976065	21	21	Nyamisati
10975873	21	21	Nyamisati
10976501	21	21	Nyamisati
10976197	21	21	Nyamisati
10975946	21	21	Nyamisati
10976091	21	21	Nyamisati
10976324	21	21	Nyamisati
10976109	21	21	Nyamisati
10976221	21	21	Nyamisati
10975802	21	21	Nyamisati
10976279	21	21	Nyamisati
10975903	22	22	Nyamisati
10976140	22	22	Nyamisati
10976149	22	22	Nyamisati
10976512	22	22	Nyamisati
10976521	22	22	Nyamisati
10975786	22	22	Nyamisati
10976805	22	22	Nyamisati
10976626	22	22	Nyamisati
10976605	22	22	Nyamisati
10976070	22	22	Nyamisati
10976101	22	22	Nyamisati
10975967	22	22	Nyamisati
10975824	22	22	Nyamisati
10976166	22	22	Nyamisati
10976401	22	22	Nyamisati
10975913	22	22	Nyamisati
10975813	22	22	Nyamisati
10976430	22	22	Nyamisati
10975876	22	22	Nyamisati
10976017	22	22	Nyamisati
10976348	22	22	Nyamisati
10976531	22	22	Nyamisati
109764	22	22	Nyamisati
10976612	22	22	Nyamisati
10976426	22	22	Nyamisati
10975746	22	22	Nyamisati
10975690	22	22	Nyamisati
10975749	22	22	Nyamisati
10975671	22	22	Nyamisati
10976435	23	23	Nyamisati
10975666	23	23	Nyamisati
10976122	23	23	Nyamisati
10975845	23	23	Nyamisati
10976236	23	23	Nyamisati
10976040	23	23	Nyamisati
10976571	23	23	Nyamisati
10976552	23	23	Nyamisati
10975858	23	23	Nyamisati
10975692	23	23	Nyamisati
10975642	23	23	Nyamisati
10975797	23	23	Nyamisati
10975668	23	23	Nyamisati
10976054	23	23	Nyamisati
10976520	23	23	Nyamisati
10976134	23	23	Nyamisati
109762	23	23	Nyamisati
10975663	23	23	Nyamisati
10975917	23	23	Nyamisati
10975648	23	23	Nyamisati
10975782	23	23	Nyamisati
10976263	23	23	Nyamisati
10976326	23	23	Nyamisati
10976488	23	23	Nyamisati
10976427	23	23	Nyamisati
10976360	23	23	Nyamisati
109761	23	23	Nyamisati
10975920	23	23	Nyamisati
10975936	23	23	Nyamisati
10976476	23	23	Nyamisati
10975658	24	24	Bwawani
10976058	24	24	Bwawani
10976597	24	24	Bwawani
10976433	24	24	Bwawani
10975760	24	24	Bwawani
10976320	24	24	Bwawani
10976050	24	24	Bwawani
10976087	24	24	Bwawani
10976422	24	24	Bwawani
10975924	24	24	Bwawani
10976573	24	24	Bwawani
10976505	24	24	Bwawani
10975778	24	24	Bwawani
10975997	24	24	Bwawani
10975818	24	24	Bwawani
10976432	24	24	Bwawani
10976289	24	24	Bwawani
10976370	24	24	Bwawani
109757	24	24	Bwawani
10976420	24	24	Bwawani
10976010	24	24	Bwawani
10975905	24	24	Bwawani
10976016	24	24	Bwawani
10976103	24	24	Bwawani
10976090	24	24	Bwawani
10976241	24	24	Bwawani
10975754	24	24	Bwawani
10976211	24	24	Bwawani
10976219	24	24	Bwawani
10976232	24	24	Bwawani
10976214	25	25	Bwawani
10976514	25	25	Bwawani
10975806	25	25	Bwawani
10976284	25	25	Bwawani
10976215	25	25	Bwawani
10976243	25	25	Bwawani
109769	25	25	Bwawani
10976315	25	25	Bwawani
10976082	25	25	Bwawani
10975867	25	25	Bwawani
10975777	25	25	Bwawani
10975808	25	25	Bwawani
109763	25	25	Bwawani
10976403	25	25	Bwawani
10976066	25	25	Bwawani
10976218	25	25	Bwawani
10975748	25	25	Bwawani
10976313	25	25	Bwawani
10976396	25	25	Bwawani
10975971	25	25	Bwawani
10976296	25	25	Bwawani
10976620	25	25	Bwawani
10975661	25	25	Bwawani
10975853	25	25	Bwawani
10976139	25	25	Bwawani
10975771	25	25	Bwawani
10975678	25	25	Bwawani
10976547	25	25	Bwawani
10975839	25	25	Bwawani
10976155	25	25	Bwawani
10978362	26	26	Bwawani
10978286	26	26	Bwawani
10978211	26	26	Bwawani
10978380	26	26	Bwawani
10977728	26	26	Bwawani
10977970	26	26	Bwawani
10978243	26	26	Bwawani
109787	26	26	Bwawani
10978258	26	26	Bwawani
10978484	26	26	Bwawani
10978248	26	26	Bwawani
10978604	26	26	Bwawani
10978031	26	26	Bwawani
10977989	26	26	Bwawani
10977819	26	26	Bwawani
10978051	26	26	Bwawani
10977810	26	26	Bwawani
10977721	27	27	Bwawani
10978233	27	27	Bwawani
10977854	27	27	Bwawani
10978499	27	27	Bwawani
10978268	27	27	Bwawani
10977883	27	27	Bwawani
10978164	27	27	Bwawani
10978262	27	27	Bwawani
10977949	27	27	Bwawani
10977902	27	27	Bwawani
10978196	27	27	Bwawani
10978096	27	27	Bwawani
10978228	27	27	Bwawani
10978179	27	27	Bwawani
10977832	27	27	Bwawani
10977864	NA	NA	Bwawani
10977893	NA	NA	Bwawani
10977745	27	27	Bwawani
10977903	27	27	Bwawani
10977899	27	27	Bwawani
10978477	27	27	Bwawani
10978412	27	27	Bwawani
10977789	27	27	Bwawani
10978132	27	27	Bwawani
10978238	27	27	Bwawani
10977964	27	27	Bwawani
10977811	27	27	Bwawani
10977632	27	27	Bwawani
10977970	27	27	Bwawani
10977920	28	28	Kilola
10978585	28	28	Kilola
10977847	28	28	Kilola
10978147	28	28	Kilola
10977842	28	28	Kilola
10978455	28	28	Kilola
10978430	28	28	Kilola
10977981	28	28	Kilola
10978601	28	28	Kilola
10978551	28	28	Kilola
10978218	28	28	Kilola
10978398	28	28	Kilola
10978403	28	28	Kilola
10977824	28	28	Kilola
10977788	28	28	Kilola
10978419	28	28	Kilola
10978111	28	28	Kilola
10977725	28	28	Kilola
109789	28	28	Kilola
10978155	28	28	Kilola
10977736	28	28	Kilola
10978425	28	28	Kilola
10978594	29	29	Kilola
10978536	29	29	Kilola
10978157	29	29	Kilola
10978129	29	29	Kilola
10978089	29	29	Kilola
10978260	29	29	Kilola
10978232	29	29	Kilola
10978623	29	29	Kilola
10978242	29	29	Kilola
10978606	29	29	Kilola
10978424	29	29	Kilola
10977684	29	29	Kilola
10977756	29	29	Kilola
10978559	29	29	Kilola
10978618	29	29	Kilola
10978622	29	29	Kilola
10978444	29	29	Kilola
10977846	29	29	Kilola
10977780	29	29	Kilola
10977742	29	29	Kilola
10978205	29	29	Kilola
10977858	30	30	Kilola
10978298	30	30	Kilola
10978236	30	30	Kilola
10978588	30	30	Kilola
10978474	30	30	Kilola
10977690	30	30	Kilola
10977826	30	30	Kilola
10978357	30	30	Kilola
10977679	NA	30	Kilola
10978329	NA	30	Kilola
10977695	30	30	Kilola
10977839	30	30	Kilola
10977813	30	30	Kilola
10978361	30	30	Kilola
10978420	30	30	Kilola
10978550	30	30	Kilola
10977904	30	30	Kilola
10978119	30	30	Kilola
10978301	30	30	Kilola
10977948	30	30	Kilola
10978467	30	30	Kilola
10978172	31	31	Kilola
10978072	31	31	Kilola
10978365	31	31	Kilola
10977639	31	31	Kilola
10978520	31	31	Kilola
10978131	31	31	Kilola
10978492	31	31	Kilola
10978311	31	31	Kilola
10978364	31	31	Kilola
10978053	31	31	Kilola
10978598	31	31	Kilola
10978475	31	31	Kilola
10978572	31	31	Kilola
10977892	31	31	Kilola
10973049	31	31	Kilola
10978134	31	31	Kilola
10978271	31	31	Kilola
10978085	31	31	Kilola
10978010	0	31	Kilola
10978283	31	31	Kilola
10977760	31	31	Kilola
10977829	31	31	Kilola
10978176	31	31	Kilola
10978195	31	31	Kilola
10978358	31	31	Kilola
10977767	31	31	Kilola
10978033	31	31	Kilola
10978491	31	31	Kilola
10978519	31	31	Kilola
10977723	31	31	Kilola
10978541	32	32	Ruaha
10977676	32	32	Ruaha
10978504	32	32	Ruaha
10978470	32	32	Ruaha
10977113	32	32	Ruaha
10978554	32	32	Ruaha
10977645	32	32	Ruaha
10978476	32	32	Ruaha
10978561	32	32	Ruaha
10977818	32	32	Ruaha
109782	32	32	Ruaha
10977665	32	32	Ruaha
10978505	32	32	Ruaha
10973214	32	32	Ruaha
10977885	32	32	Ruaha
10978485	32	32	Ruaha
10977677	32	32	Ruaha
10978557	32	32	Ruaha
10977884	32	32	Ruaha
10978575	32	32	Ruaha
10978443	32	32	Ruaha
10978330	32	32	Ruaha
10978564	32	32	Ruaha
10973317	32	32	Ruaha
10977837	33	33	Ruaha
10978497	33	33	Ruaha
10978175	33	33	Ruaha
10978266	33	33	Ruaha
10978402	33	33	Ruaha
10978318	33	33	Ruaha
10978221	33	33	Ruaha
10978448	33	33	Ruaha
10977844	33	33	Ruaha
10978120	33	33	Ruaha
10978149	33	33	Ruaha
10978161	33	33	Ruaha
10978558	33	33	Ruaha
10978480	33	33	Ruaha
10977936	33	33	Ruaha
10973059	33	33	Ruaha
10977766	33	33	Ruaha
10977669	33	33	Ruaha
10977659	33	33	Ruaha
10973583	33	33	Ruaha
10978455	33	33	Ruaha
10978237	33	33	Ruaha
10977652	33	33	Ruaha
10978163	33	33	Ruaha
10977803	33	33	Ruaha
10978203	33	33	Ruaha
10978177	33	33	Ruaha
10978223	33	33	Ruaha
10978580	33	33	Ruaha
10977784	34	34	Ruaha
10978377	34	34	Ruaha
10977644	34	34	Ruaha
10978592	34	34	Ruaha
109786	34	34	Ruaha
10978020	0	0	Ruaha
10978326	34	34	Ruaha
10978567	34	34	Ruaha
10978056	NA	34	Ruaha
10978387	34	34	Ruaha
10977932	34	34	Ruaha
10978453	34	34	Ruaha
10978036	NA	34	Ruaha
10978259	34	34	Ruaha
10978538	34	34	Ruaha
10978603	34	34	Ruaha
10977914	34	NA	Ruaha
10978178	34	NA	Ruaha
10978533	35	NA	Ruaha
10978289	35	NA	Ruaha
10977823	35	35	Ruaha
10977748	35	35	Ruaha
10978899	35	35	Ruaha
10977635	35	35	Ruaha
10978151	35	35	Ruaha
10977918	35	35	Ruaha
10977945	35	35	Ruaha
10978369	NA	NA	Ruaha
10978013	35	NA	Ruaha
10978579	NA	NA	Ruaha
10977708	NA	35	Ruaha
10977975	35	35	Ruaha
