Id	Date	Length	Weight	Pond
G2_425869	07	390	718.6	1
G2_431479	07	410	969.2	1
G2_425963	07	415	929.5	1
G2_430763	07	415	967.5	1
G2_430664	07	375	831.9	1
G2_430856	07	405	780.3	1
G2_424495	07	355	582.0	1
G2_432018	07	400	836.8	1
G2_431450	07	385	785.4	1
G2_430576	07	410	889.8	1
G2_424785	07	415	836.6	1
G2_424394	07	405	1013.0	1
G2_425127	07	430	1039.1	1
G2_430429	07	435	1135.2	1
G2_424421	07	430	935.0	1
G2_425607	07	415	895.0	1
G2_430240	07	400	840.0	1
G2_425048	07	300	328.0	1
G2_7801290	07	415	902.0	1
G2_424916	07	395	856.0	1
G2_7091747	07	385	813.0	1
G2_425761	07	405	927.0	1
G2_431871	07	425	955.0	1
G2_425446	07	410	902.0	1
G2_425626	07	385	762.0	1
G2_430620	07	430	978.0	1
G2_431267	07	380	736.0	1
G2_7402444	07	385	668.0	1
G2_425681	07	365	660.0	1
G2_431290	07	365	673.0	1
G2_424435	07	380	725.0	1
G2_424790	07	420	1006.0	1
G2_430357	07	405	926.0	1
G2_426002	07	410	878.0	1
G2_425794	07	415	941.0	1
G2_424311	07	425	927.0	1
G2_431364	07	435	1099.0	1
G2_431525	07	415	1017.0	1
G2_430904	07	415	855.0	1
G2_430981	07	415	883.0	1
G2_430756	07	400	777.0	1
G2_430423	07	405	853.0	1
G2_425535	07	440	1131.0	1
G2_425120	07	425	953.0	1
G2_424762	07	345	503.0	1
G2_424457	07	410	963.0	1
G2_425245	07	415	1042.0	1
G2_430436	07	415	939.0	1
G2_431656	07	425	921.0	1
G2_424610	07	360	627.0	1
G2_425876	07	385	759.0	1
G2_431393	07	380	664.0	1
G2_430716	07	425	877.0	1
G2_430794	07	450	1192.0	1
G2_425373	07	380	703.0	1
G2_425313	07	400	909.0	1
G2_431000	07	445	1199.0	1
G2_425512	07	435	1098.0	1
G2_430897	07	435	1021.0	1
G2_424307	07	440	1055.0	1
G2_7801024	07	355	556.0	1
G2_425246	07	425	1080.0	1
G2_430711	07	410	934.0	1
G2_425743	07	435	1091.0	1
G2_431999	07	400	849.0	1
G2_425555	07	395	890.0	1
G2_432134	07	370	633.0	1
G2_424266	07	385	686.0	1
G2_431074	07	370	752.0	1
G2_430948	07	415	949.0	1
G2_431696	07	415	911.0	1
G2_432142	07	390	816.0	1
G2_431882	07	395	841.0	1
G2_424367	07	395	779.0	1
G2_430512	07	435	992.0	1
G2_425270	07	390	807.0	1
G2_431694	07	340	457.0	1
G2_432026	07	360	594.0	1
G2_431796	07	425	1013.0	1
G2_424611	07	400	858.0	1
G2_7801223	07	410	850.0	1
G2_425918	07	405	930.0	1
G2_431956	07	400	846.0	1
G2_431637	07	410	903.0	1
G2_7091810	07	395	809.0	1
G2_424952	07	390	741.0	1
G2_425147	07	380	727.0	1
G2_431616	07	370	626.0	1
G2_7800935	07	415	898.0	1
G2_430800	07	405	837.0	1
G2_431358	07	425	965.0	1
G2_431513	07	410	895.0	1
G2_425979	07	345	581.0	1
G2_432040	07	340	562.0	1
G2_425041	07	400	880.0	1
G2_425194	07	400	864.0	1
G2_424241	07	415	845.0	1
G2_425995	07	410	928.0	1
G2_430572	07	405	952.0	1
G2_425427	07	405	914.0	1
G2_425922	07	385	741.0	1
G2_424928	07	415	862.0	1
G2_425417	07	425	926.0	1
G2_425350	07	395	879.0	1
G2_425472	07	400	847.0	1
G2_425683	07	410	868.0	1
G2_425997	07	395	873.0	1
G2_424550	07	430	979.0	1
G2_431475	07	415	860.0	1
G2_424443	07	445	1153.0	1
G2_425592	07	350	520.0	1
G2_425238	07	425	915.0	1
G2_431708	07	385	743.0	1
G2_425152	07	435	964.0	1
G2_430726	07	420	952.0	1
G2_431531	07	400	839.0	1
G2_424250	07	420	993.0	1
G2_425906	07	410	882.0	1
G2_425001	07	385	703.0	1
G2_431120	07	440	1158.0	1
G2_431768	07	385	790.0	1
G2_430714	07	385	858.0	1
G2_430591	07	420	1042.0	1
G2_430508	07	420	984.0	1
G2_425844	07	400	965.0	1
G2_431868	07	430	1056.0	1
G2_430946	07	365	637.0	1
G2_424591	07	410	963.0	1
G2_431256	07	430	1123.0	1
G2_431489	07	415	846.0	1
G2_432137	07	410	896.0	1
G2_430556	07	405	813.0	1
G2_425345	07	450	1266.0	1
G2_430748	07	365	600.0	1
G2_425040	07	400	818.0	1
G2_431566	07	390	786.0	1
G2_431851	07	385	704.0	1
G2_424994	07	365	631.0	1
G2_425444	07	415	943.0	1
G2_431519	07	410	906.0	1
G2_424579	07	355	693.0	1
G2_7402350	07	400	809.0	1
G2_432079	07	415	1074.0	1
G2_424547	07	410	846.0	1
G2_430848	07	400	981.0	1
G2_432061	07	410	909.0	1
G2_424493	07	405	729.0	1
G2_431361	07	410	904.0	1
G2_425449	07	395	843.0	1
G2_430217	07	415	1004.0	1
G2_424795	07	405	850.0	1
G2_432037	07	385	684.0	1
G2_432093	07	395	801.0	1
G2_431758	07	395	719.0	1
G2_425718	07	375	641.0	1
G2_431822	07	405	822.0	1
G2_430909	07	425	1013.0	1
G2_425622	07	430	998.0	1
G2_430963	07	435	1131.0	1
G2_430488	07	440	1202.0	1
G2_425305	07	395	799.0	1
G2_424712	07	400	769.0	1
G2_424325	07	415	875.0	1
G2_430637	07	385	707.0	1
G2_425650	07	430	997.0	1
G2_424991	07	385	865.0	1
G2_431089	07	420	1037.0	1
G2_425787	07	405	886.0	1
G2_430336	07	375	629.0	1
G2_426115	07	405	838.0	1
G2_431445	07	420	1109.0	1
G2_424674	07	390	771.0	1
G2_424731	07	425	968.0	1
G2_431632	07	440	1105.0	1
G2_431468	07	405	827.0	1
G2_424838	07	370	666.0	1
G2_431298	07	415	1050.0	1
G2_432059	07	375	603.0	1
G2_431238	07	430	1052.0	1
G2_425758	07	425	992.0	1
G2_431570	07	435	1085.0	1
G2_431221	07	420	929.0	1
G2_424489	07	375	621.0	1
G2_425016	07	410	911.0	1
G2_425628	07	405	870.0	1
G2_425077	07	435	1089.0	1
G2_424441	07	350	568.0	1
G2_425960	07	415	998.0	1
G2_430486	07	420	954.0	1
G2_430870	07	420	967.0	1
G2_430797	07	380	618.0	1
G2_430307	07	395	850.0	1
G2_424617	07	405	858.0	1
G2_431557	07	425	1031.0	1
G2_432100	07	395	740.0	1
G2_424682	07	365	743.0	1
G2_431813	07	450	1109.0	1
G2_431878	07	415	925.0	1
G2_431605	07	360	630.0	1
G2_430540	07	415	976.0	1
G2_425099	07	435	1033.0	1
G2_431595	07	405	833.0	1
G2_425984	07	400	862.0	1
G2_431286	07	375	746.0	1
G2_430956	07	395	967.0	1
G2_424880	07	310	326.0	1
G2_424575	07	435	1066.0	1
G2_424507	07	415	933.0	1
G2_7402373	07	405	883.0	1
G2_431115	07	450	1234.0	1
G2_426103	07	385	614.0	1
G2_431049	07	405	870.0	1
G2_425541	07	380	679.0	1
G2_426110	07	395	791.0	1
G2_430416	07	435	1075.0	1
G2_424930	07	385	752.0	1
G2_425475	07	435	998.0	1
G2_425737	07	400	900.0	1
G2_431998	07	400	864.0	1
G2_431691	07	375	685.0	1
G2_424462	07	400	895.0	1
G2_424941	07	410	841.0	1
G2_425711	07	430	1052.0	1
G2_430647	07	435	1033.0	1
G2_425431	07	425	960.0	1
G2_425231	07	395	785.0	1
G2_425929	07	395	760.0	1
G2_430680	07	420	805.0	1
G2_431496	07	385	739.0	1
G2_424281	07	425	986.0	1
G2_431922	07	430	1008.0	1
G2_424681	07	390	878.0	1
G2_431498	07	400	728.0	1
G2_426167	07	360	535.0	1
G2_424412	07	350	507.0	1
G2_430230	07	410	884.0	1
G2_431048	07	450	1140.0	1
G2_424636	07	420	1021.0	1
G2_425402	07	400	866.0	1
G2_431044	07	400	810.0	1
G2_431728	07	395	806.0	1
G2_7801052	07	360	513.0	1
G2_426192	07	390	691.0	1
G2_431442	07	430	964.0	1
G2_431894	07	435	1041.0	1
G2_431374	07	425	1114.0	1
G2_430297	07	415	1070.0	1
G2_424619	07	435	1202.0	1
G2_431409	07	390	847.0	1
G2_431143	07	395	900.0	1
G2_424378	07	395	923.0	1
G2_431436	07	400	805.0	1
G2_425523	07	325	450.0	1
G2_431947	07	305	280.0	1
G2_424316	07	335	467.0	1
G2_426102	07	395	695.0	1
G2_424714	07	410	860.0	1
G2_424754	07	420	891.0	1
G2_432186	07	375	722.0	1
G2_431521	07	420	905.0	1
G2_432092	07	415	850.0	1
G2_425891	07	365	555.0	1
G2_425590	07	380	720.0	1
G2_426160	07	405	784.0	1
G2_431138	07	440	1118.0	1
G2_432121	07	395	758.0	1
G2_424724	07	400	899.0	1
G2_424701	07	435	1099.0	1
G2_425644	07	370	602.0	1
G2_430422	07	400	899.0	1
G2_430585	07	405	869.0	1
G2_430912	07	425	965.0	1
G2_430984	07	400	781.0	1
G2_424868	07	365	624.0	1
G2_425218	07	400	864.0	1
G2_425775	07	425	1015.0	1
G2_431712	07	380	680.0	1
G2_426204	07	430	1086.0	1
G2_425629	07	405	872.0	1
G2_425565	07	380	681.0	1
G2_430974	07	425	960.0	1
G2_431704	07	400	830.0	1
G2_425583	07	385	736.0	1
G2_431629	07	410	860.0	1
G2_425142	07	400	808.0	1
G2_430222	07	410	870.0	1
G2_431792	07	390	696.0	1
G2_425087	07	395	773.0	1
G2_430623	07	405	849.0	1
G2_430443	07	395	792.0	1
G2_431695	07	390	744.0	1
G2_425037	07	415	990.0	1
G2_424496	07	425	895.0	1
G2_430220	07	365	640.0	1
G2_425057	07	380	656.0	1
G2_425028	07	390	740.0	1
G2_431755	07	415	888.0	1
G2_430895	07	395	858.0	1
G2_431603	07	375	627.0	1
G2_430825	07	395	809.0	1
G2_431041	07	435	1087.0	1
G2_431018	07	390	721.0	1
G2_425950	07	405	838.0	1
G2_7801017	07	390	832.0	1
G2_424705	07	425	1053.0	1
G2_431095	07	415	893.0	1
G2_432016	07	390	759.0	1
G2_7402360	07	375	618.0	1
G2_430964	07	405	847.0	1
G2_426200	07	395	793.0	1
G2_426150	07	410	856.0	1
G2_430501	07	395	835.0	1
G2_431486	07	395	843.0	1
G2_432111	07	435	1245.0	1
G2_424243	07	440	1137.0	1
G2_431087	07	410	945.0	1
G2_431373	07	395	953.0	1
G2_430434	07	430	1192.0	1
G2_431638	07	425	990.0	1
G2_424777	07	445	1225.0	1
G2_430518	07	395	811.0	1
G2_431156	07	385	696.0	1
G2_431149	07	425	968.0	1
G2_431736	07	400	843.0	1
G2_426173	07	375	636.0	1
G2_424956	07	420	982.0	1
G2_431112	07	380	749.0	1
G2_432140	07	445	1168.0	1
G2_430994	07	415	938.0	1
G2_424945	07	390	764.0	1
G2_426059	07	405	814.0	1
G2_425036	07	425	924.0	1
G2_430598	07	405	865.0	1
G2_430699	07	410	926.0	1
G2_425564	07	375	650.0	1
G2_424806	07	415	900.0	1
G2_425447	07	420	891.0	1
G2_431189	07	370	595.0	1
G2_425314	07	410	923.0	1
G2_424480	07	270	211.0	1
G2_424786	07	400	835.0	1
G2_430999	07	425	1043.0	1
G2_430245	07	400	883.0	1
G2_430873	07	415	878.0	1
G2_426106	07	425	967.0	1
G2_431081	07	430	1035.0	1
G2_431260	07	390	920.0	1
G2_431176	07	405	848.0	1
G2_431924	07	400	828.0	1
G2_426026	07	380	700.0	1
G2_424672	07	410	918.0	1
G2_431798	07	410	952.0	1
G2_431720	07	395	704.0	1
G2_424424	07	395	735.0	1
G2_425874	07	435	1057.0	1
G2_425039	07	430	1099.0	1
G2_430346	07	430	1013.0	1
G2_430729	07	410	857.0	1
G2_431031	07	415	852.0	1
G2_424976	07	410	914.0	1
G2_424588	07	390	825.0	1
G2_425753	07	405	923.0	1
G2_430911	07	365	584.0	1
G2_430344	07	430	983.0	1
G2_424530	07	300	321.0	1
G2_431002	07	405	787.0	1
G2_431016	07	420	892.0	1
G2_424752	07	420	1024.0	1
G2_432094	07	420	969.0	1
G2_425597	07	425	962.0	1
G2_424252	07	425	947.0	1
G2_430941	07	400	822.0	1
G2_7800896	07	340	460.0	1
G2_426114	07	415	945.0	1
G2_430735	07	445	1260.0	1
G2_426086	07	435	1135.0	1
G2_424465	07	415	1090.0	1
G2_424323	07	360	630.0	1
G2_425493	07	400	840.0	1
G2_425755	07	410	860.0	1
G2_431461	07	395	815.0	1
G2_424312	07	390	805.0	1
G2_432150	07	345	489.0	1
G2_425968	07	390	881.0	1
G2_425201	07	430	1101.0	1
G2_425085	07	405	874.0	1
G2_430792	07	390	750.0	1
G2_431793	07	400	999.0	1
G2_430908	07	390	739.0	1
G2_424685	07	435	1130.0	1
G2_430520	07	300	327.0	1
G2_425279	07	415	893.0	1
G2_431537	07	420	994.0	1
G2_432058	07	420	801.0	1
G2_426109	07	425	1069.0	1
G2_424643	07	405	824.0	1
G2_425419	07	420	1003.0	1
G2_426182	07	410	887.0	1
G2_424593	07	410	938.0	1
G2_431589	07	405	901.0	1
G2_425379	07	385	699.0	1
G2_7801047	07	395	840.0	1
G2_424829	07	410	876.0	1
G2_430446	07	400	873.0	1
G2_431988	07	390	714.0	1
G2_425289	07	400	818.0	1
G2_425962	07	440	1030.0	1
G2_425298	07	405	919.0	1
G2_425791	07	410	856.0	1
G2_431093	07	390	832.0	1
G2_424709	07	415	981.0	1
G2_425047	07	415	886.0	1
G2_425826	07	415	970.0	1
G2_425188	07	430	1023.0	1
G2_432022	07	395	795.0	1
G2_431308	07	425	950.0	1
G2_431306	07	380	635.0	1
G2_430276	07	390	757.0	1
G2_424525	07	430	960.0	1
G2_431885	07	435	1101.0	1
G2_430223	07	395	769.0	1
G2_424315	07	395	805.0	1
G2_424278	07	390	781.0	1
G2_432136	07	435	924.0	1
G2_424743	07	380	690.0	1
G2_424570	07	395	810.0	1
G2_430398	07	410	965.0	1
G2_431427	07	305	315.0	1
G2_431580	07	385	806.0	1
G2_430348	07	395	840.0	1
G2_430482	07	385	714.0	1
G2_424657	07	385	760.0	1
G2_425247	07	410	754.0	1
G2_425139	07	365	568.0	1
G2_431719	07	385	732.0	1
G2_431026	07	425	940.0	1
G2_426148	08	445	1303.0	1
G2_424885	08	380	703.0	1
G2_431349	08	415	960.0	1
G2_430517	08	420	928.0	1
G2_425272	08	410	868.0	1
G2_425457	08	425	927.0	1
G2_425285	08	420	932.0	1
G2_431152	08	425	991.0	1
G2_425362	08	405	788.0	1
G2_7801128	08	400	841.0	1
G2_430616	08	395	751.0	1
G2_431444	08	345	464.0	1
G2_7091807	08	395	733.0	1
G2_425054	08	405	775.0	1
G2_425671	08	385	778.0	1
G2_431099	08	425	985.0	1
G2_426018	08	410	873.0	1
G2_430926	08	405	868.0	1
G2_425221	08	420	781.0	1
G2_425284	08	440	1161.0	1
G2_425364	08	430	1062.0	1
G2_431710	08	395	814.0	1
G2_431981	08	390	754.0	1
G2_424917	08	460	1255.0	1
G2_424977	08	400	932.0	1
G2_425024	08	380	754.0	1
G2_424209	08	395	817.0	1
G2_430865	08	440	974.0	1
G2_426122	08	390	773.0	1
G2_424234	08	410	820.0	1
G2_430283	08	420	948.0	1
G2_431921	08	395	724.0	1
G2_425276	08	425	917.0	1
G2_431335	08	395	739.0	1
G2_431181	08	400	791.0	1
G2_432114	08	395	802.0	1
G2_426191	08	440	1056.0	1
G2_431053	08	400	831.0	1
G2_431006	08	425	931.0	1
G2_425605	08	385	762.0	1
G2_431321	08	415	886.0	1
G2_431399	08	410	997.0	1
G2_424924	08	425	935.0	1
G2_430477	08	340	428.0	1
G2_424767	08	425	988.0	1
G2_425193	08	400	772.0	1
G2_430733	08	405	844.0	1
G2_424608	08	400	903.0	1
G2_431606	08	400	779.0	1
G2_425200	08	385	675.0	1
G2_425731	08	420	958.0	1
G2_426154	08	390	847.0	1
G2_431079	08	410	909.0	1
G2_430666	08	340	436.0	1
G2_431562	08	440	1062.0	1
G2_425935	08	405	885.0	1
G2_430211	08	295	272.0	1
G2_425619	08	415	839.0	1
G2_432063	08	405	862.0	1
G2_432120	08	420	860.0	1
G2_425707	08	425	1055.0	1
G2_431523	08	420	1055.0	1
G2_425736	08	380	673.0	1
G2_431624	08	430	968.0	1
G2_424708	08	420	1010.0	1
G2_431569	08	440	1041.0	1
G2_424641	08	395	923.0	1
G2_424295	08	385	663.0	1
G2_431343	08	405	912.0	1
G2_430542	08	380	681.0	1
G2_431259	08	435	1032.0	1
G2_425911	08	430	1047.0	1
G2_431058	08	440	1119.0	1
G2_431300	08	370	721.0	1
G2_431227	08	415	954.0	1
G2_431060	08	390	804.0	1
G2_431101	08	405	964.0	1
G2_432124	08	435	985.0	1
G2_431404	08	385	715.0	1
G2_424813	08	395	857.0	1
G2_431451	08	445	1060.0	1
G2_424245	08	420	1001.0	1
G2_425709	08	405	867.0	1
G2_424740	08	380	730.0	1
G2_7402288	08	365	644.0	1
G2_431289	08	425	1032.0	1
G2_424624	08	405	889.0	1
G2_424899	08	355	547.0	1
G2_431470	08	405	793.0	1
G2_7801100	08	385	723.0	1
G2_430509	08	440	1093.0	1
G2_425269	08	440	1039.0	1
G2_424334	08	405	869.0	1
G2_424695	08	395	899.0	1
G2_431620	08	420	1023.0	1
G2_424475	08	415	941.0	1
G2_426058	08	410	858.0	1
G2_425928	08	400	926.0	1
G2_431389	08	405	867.0	1
G2_430244	08	370	617.0	1
G2_426183	08	385	759.0	1
G2_430370	08	395	766.0	1
G2_424322	08	380	640.0	1
G2_425068	08	420	987.0	1
G2_424821	08	420	1006.0	1
G2_431607	08	395	773.0	1
G2_431893	08	395	768.0	1
G2_431274	08	385	800.0	1
G2_431892	08	410	891.0	1
G2_424501	08	375	709.0	1
G2_431196	08	405	906.0	1
G2_431680	08	400	780.0	1
G2_425591	08	425	927.0	1
G2_430879	08	415	912.0	1
G2_431020	08	405	989.0	1
G2_7801297	08	370	585.0	1
G2_424964	08	415	913.0	1
G2_424338	08	420	1024.0	1
G2_425798	08	435	925.0	1
G2_430481	08	395	844.0	1
G2_425832	08	440	1107.0	1
G2_430690	08	425	825.0	1
G2_431568	08	405	806.0	1
G2_424988	08	395	819.0	1
G2_425436	08	415	968.0	1
G2_431193	08	425	889.0	1
G2_430777	08	425	900.0	1
G2_425612	08	420	929.0	1
G2_431594	08	415	950.0	1
G2_431484	08	415	1154.0	1
G2_431905	08	440	1132.0	1
G2_426074	08	390	721.0	1
G2_425429	08	405	981.0	1
G2_431516	08	405	879.0	1
G2_431281	08	400	1022.0	1
G2_426178	08	410	856.0	1
G2_431078	08	405	848.0	1
G2_425387	08	435	1093.0	1
G2_424517	08	390	785.0	1
G2_425675	08	420	942.0	1
G2_431548	08	420	862.0	1
G2_426094	08	390	926.0	1
G2_431826	08	405	920.0	1
G2_430519	08	405	843.0	1
G2_424955	08	385	728.0	1
G2_7091748	08	415	831.0	1
G2_425347	08	405	749.0	1
G2_425205	08	385	763.0	1
G2_430883	08	420	931.0	1
G2_431783	08	385	740.0	1
G2_431210	08	405	849.0	1
G2_425501	08	340	558.0	1
G2_426009	08	370	630.0	1
G2_424654	08	425	957.0	1
G2_424220	08	425	868.0	1
G2_425229	08	420	880.0	1
G2_430802	08	420	843.0	1
G2_431567	08	445	1092.0	1
G2_425012	08	365	615.0	1
G2_424963	08	410	847.0	1
G2_432118	08	405	789.0	1
G2_424541	08	410	1006.0	1
G2_430264	08	415	913.0	1
G2_425518	08	425	1067.0	1
G2_424552	08	415	879.0	1
G2_424926	08	385	721.0	1
G2_425514	08	435	1028.0	1
G2_431208	08	390	711.0	1
G2_430445	08	400	769.0	1
G2_425287	08	365	577.0	1
G2_424884	08	425	989.0	1
G2_425344	08	400	761.0	1
G2_431500	08	405	804.0	1
G2_426005	08	400	756.0	1
G2_424335	08	395	770.0	1
G2_424515	08	435	1114.0	1
G2_431887	08	425	1008.0	1
G2_430880	08	420	1018.0	1
G2_424812	08	375	634.0	1
G2_7801183	08	365	573.0	1
G2_430861	08	435	1163.0	1
G2_430231	08	385	729.0	1
G2_432044	08	450	1182.0	1
G2_424574	08	400	872.0	1
G2_431150	08	450	1154.0	1
G2_425274	08	420	889.0	1
G2_424630	08	430	1027.0	1
G2_424582	08	420	891.0	1
G2_430499	08	430	978.0	1
G2_425330	08	410	844.0	1
G2_430657	08	415	855.0	1
G2_424711	08	400	858.0	1
G2_425332	08	400	798.0	1
G2_425386	08	405	960.0	1
G2_425430	08	405	866.0	1
G2_424975	08	425	999.0	1
G2_424265	08	400	851.0	1
G2_424239	08	390	681.0	1
G2_425252	08	395	692.0	1
G2_430753	08	375	647.0	1
G2_431354	08	435	973.0	1
G2_425867	08	430	973.0	1
G2_431619	08	395	800.0	1
G2_424734	08	415	923.0	1
G2_430643	08	400	783.0	1
G2_426151	08	425	984.0	1
G2_430554	08	415	819.0	1
G2_425477	08	405	801.0	1
G2_430444	08	450	1172.0	1
G2_430593	08	410	856.0	1
G2_430379	08	390	785.0	1
G2_431857	08	385	783.0	1
G2_431867	08	415	945.0	1
G2_425846	08	435	1015.0	1
G2_426159	08	395	855.0	1
G2_430233	08	425	1068.0	1
G2_425688	08	410	837.0	1
G2_425646	08	425	894.0	1
G2_425025	08	415	869.0	1
G2_425730	08	400	866.0	1
G2_424658	08	400	860.0	1
G2_432099	08	445	1063.0	1
G2_426031	08	380	691.0	1
G2_425283	08	405	898.0	1
G2_431384	08	395	784.0	1
G2_430219	08	440	1075.0	1
G2_425937	08	405	835.0	1
G2_424863	08	420	1058.0	1
G2_426179	08	385	685.0	1
G2_430951	08	410	1006.0	1
G2_431047	08	440	961.0	1
G2_424327	08	405	931.0	1
G2_425571	08	455	1073.0	1
G2_431968	08	385	727.0	1
G2_426205	08	385	727.0	1
G2_425207	08	390	721.0	1
G2_424385	08	420	995.0	1
G2_424876	08	395	819.0	1
G2_431068	08	395	895.0	1
G2_431167	08	385	752.0	1
G2_431457	08	425	939.0	1
G2_425360	08	420	959.0	1
G2_424211	08	435	1051.0	1
G2_425627	08	440	1097.0	1
G2_431554	08	420	919.0	1
G2_431424	08	395	737.0	1
G2_430548	08	415	928.0	1
G2_424771	08	440	1030.0	1
G2_425140	08	415	864.0	1
G2_431448	08	385	718.0	1
G2_430700	08	390	759.0	1
G2_430858	08	435	920.0	1
G2_431443	08	425	946.0	1
G2_425702	08	385	731.0	1
G2_426177	08	425	979.0	1
G2_424848	08	380	668.0	1
G2_430396	08	390	665.0	1
G2_430730	08	400	716.0	1
G2_426121	08	420	902.0	1
G2_431201	08	420	863.0	1
G2_431592	08	400	940.0	1
G2_424366	08	270	197.0	1
G2_431464	08	415	838.0	1
G2_425397	08	390	737.0	1
G2_425005	08	380	783.0	1
G2_425804	08	415	926.0	1
G2_424801	08	405	861.0	1
G2_432088	08	395	688.0	1
G2_425843	08	355	551.0	1
G2_431861	08	400	741.0	1
G2_425355	08	380	780.0	1
G2_424783	08	415	860.0	1
G2_425150	08	420	941.0	1
G2_431889	08	285	268.0	1
G2_431043	08	305	319.0	1
G2_425781	08	385	808.0	1
G2_430742	08	305	339.0	1
G2_432171	08	375	663.0	1
G2_425716	08	410	841.0	1
G2_425214	08	425	999.0	1
G2_430709	08	435	1034.0	1
G2_430343	08	385	693.0	1
G2_424510	08	405	846.0	1
G2_424270	08	415	885.0	1
G2_430263	08	410	898.0	1
G2_432176	08	445	1174.0	1
G2_431914	08	420	907.0	1
G2_426066	08	420	911.0	1
G2_425143	08	405	886.0	1
G2_430559	08	405	945.0	1
G2_424675	08	360	596.0	1
G2_425617	08	415	859.0	1
G2_430454	08	415	952.0	1
G2_426047	08	410	946.0	1
G2_426054	08	440	1177.0	1
G2_431124	08	380	609.0	1
G2_431368	08	395	718.0	1
G2_430720	08	415	915.0	1
G2_430783	08	405	876.0	1
G2_426042	08	415	972.0	1
G2_431942	08	425	1095.0	1
G2_425192	08	385	726.0	1
G2_425854	08	435	1276.0	1
G2_431933	08	400	735.0	1
G2_425071	08	430	975.0	1
G2_425757	08	425	1001.0	1
G2_431909	08	410	852.0	1
G2_424673	08	410	928.0	1
G2_424298	08	430	916.0	1
G2_425766	08	375	677.0	1
G2_431904	08	405	848.0	1
G2_432013	08	410	906.0	1
G2_425780	08	405	889.0	1
G2_430249	08	410	943.0	1
G2_424305	08	395	861.0	1
G2_430945	08	405	816.0	1
G2_425382	08	375	584.0	1
G2_7801243	08	390	801.0	1
G2_430930	08	300	272.0	1
G2_424947	08	425	1045.0	1
G2_431615	08	390	708.0	1
G2_430660	08	405	847.0	1
G2_424306	08	385	860.0	1
G2_431410	08	420	973.0	1
G2_426070	08	390	701.0	1
G2_430943	08	420	860.0	1
G2_430538	08	425	1037.0	1
G2_430355	08	255	186.0	1
G2_430537	08	315	363.0	1
G2_431553	08	410	864.0	1
G2_425159	08	435	936.0	1
G2_430788	08	410	883.0	1
G2_425239	08	405	829.0	1
G2_430810	08	365	644.0	1
G2_431185	08	400	888.0	1
G2_424344	08	405	865.0	1
G2_424506	08	450	1129.0	1
G2_424408	08	420	944.0	1
G2_425936	08	395	775.0	1
G2_430915	08	395	947.0	1
G2_431760	08	400	749.0	1
G2_431658	08	400	804.0	1
G2_425684	08	405	909.0	1
G2_431670	08	435	1021.0	1
G2_425513	08	355	544.0	1
G2_431356	08	410	809.0	1
G2_430563	08	450	1261.0	1
G2_431762	08	440	891.0	1
G2_432122	08	370	316.0	1
G2_431666	08	400	919.0	1
G2_431211	08	395	821.0	1
G2_430607	08	410	900.0	1
G2_424273	08	365	701.0	1
G2_431423	08	400	852.0	1
G2_425823	08	400	793.0	1
G2_431873	08	380	781.0	1
G2_424623	08	415	983.0	1
G2_425689	08	410	879.0	1
G2_431752	08	395	867.0	1
G2_425363	08	380	697.0	1
G2_424980	08	405	919.0	1
G2_430432	08	420	923.0	1
G2_431676	08	435	1109.0	1
G2_426170	08	390	716.0	1
G2_432055	08	410	979.0	1
G2_430885	08	375	634.0	1
G2_431253	08	350	580.0	1
G2_425008	09	295	723.0	1
G2_430662	09	370	654.0	1
G2_425694	09	345	475.0	1
G2_430415	09	400	907.0	1
G2_424703	09	405	830.0	1
G2_430312	09	395	731.0	1
G2_431738	09	290	293.0	1
G2_424439	09	295	256.0	1
G2_425050	09	285	244.0	1
G2_432188	09	435	950.0	1
G2_431483	09	400	759.0	1
G2_424722	09	415	937.0	1
G2_425907	09	265	293.0	1
G2_430645	09	285	265.0	1
G2_432203	09	385	675.0	1
G2_424943	09	285	250.0	1
G2_430491	09	390	672.0	1
G2_7402364	09	415	907.0	1
G2_425389	09	420	945.0	1
G2_424761	09	400	855.0	1
G2_431558	09	400	816.0	1
G2_425017	09	415	892.0	1
G2_7402413	09	385	747.0	1
G2_431929	09	355	639.0	1
G2_430824	09	405	946.0	1
G2_425466	09	405	858.0	1
G2_425130	09	400	809.0	1
G2_431305	09	400	964.0	1
G2_424662	09	440	1112.0	1
G2_431025	09	355	540.0	1
G2_424749	09	405	867.0	1
G2_430927	09	280	244.0	1
G2_430484	09	305	331.0	1
G2_430701	09	390	769.0	1
G2_426181	09	420	992.0	1
G2_430975	09	345	504.0	1
G2_430685	09	285	251.0	1
G2_431455	09	365	800.0	1
G2_425608	09	305	356.0	1
G2_431137	09	405	878.0	1
G2_430670	09	405	945.0	1
G2_425961	09	460	1218.0	1
G2_431936	09	410	794.0	1
G2_431743	09	420	905.0	1
G2_431279	09	265	223.0	1
G2_426107	09	410	846.0	1
G2_430553	09	375	646.0	1
G2_424664	09	410	856.0	1
G2_431763	09	420	889.0	1
G2_426099	09	410	940.0	1
G2_425396	09	400	773.0	1
G2_425980	09	280	252.0	1
G2_424558	09	420	900.0	1
G2_425951	09	405	813.0	1
G2_432081	09	430	1156.0	1
G2_431400	09	390	816.0	1
G2_424318	09	385	734.0	1
G2_431153	09	270	223.0	1
G2_424704	09	425	1028.0	1
G2_431251	09	400	884.0	1
G2_431824	09	430	1070.0	1
G2_431294	09	415	890.0	1
G2_425666	09	310	333.0	1
G2_424390	09	285	246.0	1
G2_424373	09	270	225.0	1
G2_430859	09	285	249.0	1
G2_431946	09	430	982.0	1
G2_432073	09	375	685.0	1
G2_432133	09	425	979.0	1
G2_425170	09	385	733.0	1
G2_430334	14	425	960.0	1
G2_431224	14	400	908.0	1
G2_425759	14	401	782.0	1
G2_430397	14	395	964.0	1
G2_430243	14	390	812.0	1
G2_431160	14	410	792.0	1
G2_431350	14	405	893.0	1
G2_431706	14	282	250.0	1
G2_431301	14	425	957.0	1
G2_424788	14	270	240.0	1
G2_430316	14	225	230.0	1
G2_431228	08	390	763.0	2
G2_430758	08	400	834.0	2
G2_424791	08	380	672.0	2
G2_425445	08	415	797.0	2
G2_424237	08	395	701.0	2
G2_424595	08	420	861.0	2
G2_431575	08	425	942.0	2
G2_425353	08	415	950.0	2
G2_425925	08	415	944.0	2
G2_431046	08	400	853.0	2
G2_425358	08	430	1100.0	2
G2_426095	08	405	1084.0	2
G2_430395	08	420	1000.0	2
G2_426039	08	430	1058.0	2
G2_430254	08	405	927.0	2
G2_424985	08	385	811.0	2
G2_7800923	08	390	792.0	2
G2_431767	08	395	894.0	2
G2_425947	08	390	818.0	2
G2_425651	08	415	954.0	2
G2_431005	08	395	777.0	2
G2_425055	08	400	803.0	2
G2_7402362	08	405	848.0	2
G2_431621	08	400	878.0	2
G2_425967	08	390	823.0	2
G2_430650	08	380	722.0	2
G2_425842	08	385	833.0	2
G2_425359	08	410	965.0	2
G2_424375	08	405	952.0	2
G2_431051	08	410	914.0	2
G2_424629	08	405	959.0	2
G2_431705	08	440	1090.0	2
G2_425259	08	405	829.0	2
G2_431547	08	425	1096.0	2
G2_424903	08	405	991.0	2
G2_430321	08	405	942.0	2
G2_425919	08	420	1020.0	2
G2_425339	08	425	1102.0	2
G2_432075	08	405	837.0	2
G2_431204	08	415	903.0	2
G2_430392	08	390	858.0	2
G2_424940	08	445	1167.0	2
G2_425081	08	415	906.0	2
G2_425796	08	415	912.0	2
G2_431192	08	420	1048.0	2
G2_430850	08	405	890.0	2
G2_425682	08	385	703.0	2
G2_424244	08	405	955.0	2
G2_424377	08	405	953.0	2
G2_424258	08	375	759.0	2
G2_431136	08	415	998.0	2
G2_431668	08	430	1130.0	2
G2_430526	08	415	1021.0	2
G2_430672	08	425	1017.0	2
G2_431991	08	370	769.0	2
G2_431522	08	415	904.0	2
G2_430767	08	425	1001.0	2
G2_430835	08	435	1128.0	2
G2_431456	08	425	1057.0	2
G2_424862	08	410	846.0	2
G2_424533	08	375	596.0	2
G2_424215	08	410	957.0	2
G2_424938	08	425	996.0	2
G2_424772	08	355	577.0	2
G2_425803	08	410	919.0	2
G2_426153	08	415	1072.0	2
G2_424473	08	400	731.0	2
G2_425742	08	385	647.0	2
G2_431816	08	425	1003.0	2
G2_430630	08	410	933.0	2
G2_430420	08	420	887.0	2
G2_430458	08	435	1004.0	2
G2_425033	08	445	1102.0	2
G2_431395	08	410	879.0	2
G2_425376	08	410	918.0	2
G2_425307	08	415	1032.0	2
G2_431094	08	385	724.0	2
G2_425469	08	390	720.0	2
G2_430947	08	395	830.0	2
G2_430961	08	410	963.0	2
G2_430686	08	420	947.0	2
G2_425940	08	410	909.0	2
G2_425098	08	430	953.0	2
G2_424915	08	365	699.0	2
G2_426093	08	440	1135.0	2
G2_430303	08	400	743.0	2
G2_431966	08	410	912.0	2
G2_424605	08	390	798.0	2
G2_431910	08	285	262.0	2
G2_432175	08	420	921.0	2
G2_425768	08	400	788.0	2
G2_424365	08	410	892.0	2
G2_424668	08	390	781.0	2
G2_430805	08	400	783.0	2
G2_430267	08	440	1118.0	2
G2_426184	08	400	737.0	2
G2_431950	08	425	945.0	2
G2_430323	08	390	727.0	2
G2_430362	08	410	924.0	2
G2_430402	08	395	863.0	2
G2_430318	08	410	929.0	2
G2_424483	08	410	877.0	2
G2_431641	08	380	717.0	2
G2_431116	08	400	804.0	2
G2_431943	08	420	978.0	2
G2_430631	08	400	844.0	2
G2_424810	08	415	1037.0	2
G2_430404	08	415	870.0	2
G2_424927	08	390	847.0	2
G2_425412	08	415	963.0	2
G2_430279	08	395	809.0	2
G2_424320	08	425	931.0	2
G2_430862	08	365	661.0	2
G2_430775	08	425	1015.0	2
G2_432157	08	415	914.0	2
G2_424381	08	390	802.0	2
G2_426187	08	460	1123.0	2
G2_430383	08	410	796.0	2
G2_425620	08	405	907.0	2
G2_424800	08	410	860.0	2
G2_430216	08	415	943.0	2
G2_424832	08	410	924.0	2
G2_431574	08	425	1110.0	2
G2_431540	08	420	961.0	2
G2_431744	08	415	902.0	2
G2_432017	08	420	965.0	2
G2_425676	08	405	819.0	2
G2_431310	08	395	820.0	2
G2_430329	08	385	744.0	2
G2_7402376	08	395	906.0	2
G2_424853	08	430	954.0	2
G2_430932	08	425	1017.0	2
G2_432050	08	365	532.0	2
G2_7801269	08	415	935.0	2
G2_430676	08	410	858.0	2
G2_424780	08	425	931.0	2
G2_424343	08	415	905.0	2
G2_425029	08	420	994.0	2
G2_431682	08	415	874.0	2
G2_431897	08	415	1032.0	2
G2_432062	08	425	949.0	2
G2_424651	08	390	731.0	2
G2_431671	08	440	1187.0	2
G2_426056	08	420	865.0	2
G2_431880	08	320	384.0	2
G2_431646	08	410	841.0	2
G2_424231	08	365	583.0	2
G2_431959	08	405	833.0	2
G2_430967	08	430	1048.0	2
G2_424606	08	430	1036.0	2
G2_425361	08	410	834.0	2
G2_425122	08	395	856.0	2
G2_431234	08	425	965.0	2
G2_430844	08	425	1005.0	2
G2_430969	08	400	883.0	2
G2_425657	08	380	749.0	2
G2_430827	08	370	670.0	2
G2_431598	08	430	1015.0	2
G2_425319	08	405	873.0	2
G2_430401	08	445	1171.0	2
G2_425776	08	440	1169.0	2
G2_431365	08	425	1117.0	2
G2_424645	08	380	688.0	2
G2_424852	08	415	938.0	2
G2_425841	08	410	771.0	2
G2_425256	08	415	958.0	2
G2_424745	08	405	880.0	2
G2_425496	08	390	801.0	2
G2_425253	08	410	916.0	2
G2_432204	08	415	982.0	2
G2_431546	08	415	944.0	2
G2_431715	08	450	1067.0	2
G2_7801284	08	360	589.0	2
G2_425109	08	390	744.0	2
G2_426068	08	420	885.0	2
G2_431239	08	410	953.0	2
G2_432161	08	430	927.0	2
G2_425182	08	400	792.0	2
G2_426040	08	405	921.0	2
G2_431307	08	425	1101.0	2
G2_424310	08	415	924.0	2
G2_424702	08	265	295.0	2
G2_424479	08	435	932.0	2
G2_425255	08	380	665.0	2
G2_430624	08	400	782.0	2
G2_424661	08	415	888.0	2
G2_426053	08	380	742.0	2
G2_432068	08	430	1026.0	2
G2_424488	08	415	808.0	2
G2_431485	08	415	802.0	2
G2_425920	08	385	770.0	2
G2_430953	08	425	1013.0	2
G2_431958	08	425	956.0	2
G2_430712	08	385	712.0	2
G2_426195	08	395	746.0	2
G2_430978	08	415	912.0	2
G2_431490	08	445	1065.0	2
G2_425341	08	380	659.0	2
G2_430461	08	300	287.0	2
G2_431527	08	365	622.0	2
G2_432101	08	405	825.0	2
G2_425927	08	400	845.0	2
G2_424982	08	395	791.0	2
G2_430503	08	370	574.0	2
G2_430515	08	400	932.0	2
G2_425322	08	415	886.0	2
G2_430255	08	405	879.0	2
G2_424427	09	370	618.0	2
G2_424958	09	440	1024.0	2
G2_431433	09	430	1103.0	2
G2_425461	09	420	893.0	2
G2_425492	09	325	403.0	2
G2_424560	09	425	1059.0	2
G2_424907	09	425	943.0	2
G2_431111	09	405	993.0	2
G2_432076	09	415	1107.0	2
G2_424332	09	425	955.0	2
G2_424902	09	425	893.0	2
G2_424313	09	385	716.0	2
G2_431602	09	340	509.0	2
G2_425942	09	400	804.0	2
G2_424997	09	400	799.0	2
G2_430413	09	405	889.0	2
G2_431858	09	400	900.0	2
G2_431024	09	420	953.0	2
G2_424770	09	430	997.0	2
G2_425499	09	405	896.0	2
G2_424803	09	410	853.0	2
G2_424663	09	415	941.0	2
G2_431371	09	430	1053.0	2
G2_430419	09	400	763.0	2
G2_431327	09	410	857.0	2
G2_431650	09	405	854.0	2
G2_426138	09	445	1084.0	2
G2_430836	09	410	853.0	2
G2_425654	09	415	925.0	2
G2_430717	09	380	702.0	2
G2_431132	09	405	816.0	2
G2_7801077	09	330	421.0	2
G2_425724	09	405	857.0	2
G2_425616	09	435	1051.0	2
G2_425433	09	400	772.0	2
G2_431303	09	445	1088.0	2
G2_431341	09	445	1187.0	2
G2_424405	09	385	733.0	2
G2_425983	09	410	901.0	2
G2_430365	09	405	803.0	2
G2_431179	09	425	973.0	2
G2_425328	09	385	759.0	2
G2_425070	09	405	868.0	2
G2_431322	09	410	755.0	2
G2_432115	09	440	1050.0	2
G2_431846	09	435	995.0	2
G2_424238	09	395	812.0	2
G2_431829	09	425	1142.0	2
G2_424374	09	430	1000.0	2
G2_431118	09	405	925.0	2
G2_432048	09	405	770.0	2
G2_424696	09	385	734.0	2
G2_430773	09	400	796.0	2
G2_431014	09	410	852.0	2
G2_430271	09	445	1077.0	2
G2_425338	09	425	1042.0	2
G2_425570	09	400	890.0	2
G2_425958	09	410	887.0	2
G2_425101	09	370	558.0	2
G2_430771	09	285	241.0	2
G2_426006	09	365	644.0	2
G2_431009	09	425	884.0	2
G2_430306	09	385	712.0	2
G2_431129	09	395	830.0	2
G2_430322	09	370	654.0	2
G2_425470	09	410	878.0	2
G2_426048	09	375	607.0	2
G2_425509	09	400	916.0	2
G2_432125	09	425	940.0	2
G2_431597	09	385	781.0	2
G2_425747	09	380	712.0	2
G2_424540	09	355	691.0	2
G2_425685	09	420	1012.0	2
G2_430611	09	385	699.0	2
G2_424302	09	420	910.0	2
G2_430304	09	435	1077.0	2
G2_425468	09	405	821.0	2
G2_431463	09	375	661.0	2
G2_431416	09	420	921.0	2
G2_430928	09	435	1045.0	2
G2_431073	09	315	351.0	2
G2_430757	09	350	435.0	2
G2_7800949	09	390	766.0	2
G2_425455	09	420	925.0	2
G2_425365	09	395	771.0	2
G2_431504	09	390	748.0	2
G2_425138	09	435	1038.0	2
G2_424389	09	365	613.0	2
G2_431261	09	340	425.0	2
G2_424652	09	410	936.0	2
G2_431142	09	395	767.0	2
G2_425856	09	380	695.0	2
G2_425051	09	395	906.0	2
G2_431737	09	390	825.0	2
G2_430374	09	430	1023.0	2
G2_425557	09	365	587.0	2
G2_7091785	09	400	872.0	2
G2_424458	09	440	1087.0	2
G2_425224	09	385	674.0	2
G2_425589	09	390	776.0	2
G2_424986	09	410	922.0	2
G2_431672	09	380	718.0	2
G2_430472	09	420	878.0	2
G2_425767	09	400	913.0	2
G2_430560	09	375	667.0	2
G2_424725	09	415	1011.0	2
G2_430642	09	410	801.0	2
G2_430997	09	440	1096.0	2
G2_430863	09	445	1054.0	2
G2_431257	09	285	232.0	2
G2_431242	09	430	1019.0	2
G2_432003	09	445	921.0	2
G2_431953	09	385	720.0	2
G2_425281	09	300	261.0	2
G2_425080	09	375	685.0	2
G2_425715	09	425	972.0	2
G2_431926	09	365	593.0	2
G2_424972	09	410	835.0	2
G2_425786	09	355	637.0	2
G2_430412	09	400	800.0	2
G2_425639	09	375	701.0	2
G2_431282	09	340	574.0	2
G2_425729	09	440	1080.0	2
G2_425559	09	430	1046.0	2
G2_431587	09	415	892.0	2
G2_425407	09	425	932.0	2
G2_430651	09	440	1218.0	2
G2_424604	09	295	306.0	2
G2_430860	09	420	843.0	2
G2_425834	09	425	957.0	2
G2_425448	09	420	879.0	2
G2_430289	09	435	1036.0	2
G2_430820	09	400	842.0	2
G2_424596	09	405	817.0	2
G2_425880	09	390	784.0	2
G2_425717	09	400	737.0	2
G2_430476	09	400	776.0	2
G2_431499	09	375	692.0	2
G2_425522	09	425	973.0	2
G2_425713	09	390	709.0	2
G2_430608	09	400	949.0	2
G2_424781	09	265	210.0	2
G2_431529	09	405	770.0	2
G2_431213	09	395	783.0	2
G2_7801011	09	405	839.0	2
G2_425593	09	415	865.0	2
G2_432153	09	435	1008.0	2
G2_425251	09	430	979.0	2
G2_430532	09	410	870.0	2
G2_431773	09	400	778.0	2
G2_424471	09	390	683.0	2
G2_426120	09	395	888.0	2
G2_425135	09	415	890.0	2
G2_430629	09	415	998.0	2
G2_431576	09	430	921.0	2
G2_431727	09	440	1125.0	2
G2_430388	09	395	869.0	2
G2_432173	09	405	818.0	2
G2_431584	09	410	911.0	2
G2_426126	09	420	951.0	2
G2_425735	09	395	758.0	2
G2_424631	09	410	864.0	2
G2_426081	09	400	824.0	2
G2_431100	09	400	816.0	2
G2_424983	09	415	847.0	2
G2_426034	09	395	734.0	2
G2_424667	09	435	1071.0	2
G2_424445	09	425	1025.0	2
G2_424519	09	435	1180.0	2
G2_424300	09	400	883.0	2
G2_425352	09	410	820.0	2
G2_425894	09	425	911.0	2
G2_431820	09	395	715.0	2
G2_7801170	09	390	760.0	2
G2_424653	09	420	836.0	2
G2_425510	09	275	209.0	2
G2_431264	09	270	194.0	2
G2_431271	09	405	787.0	2
G2_425209	09	405	899.0	2
G2_425111	09	395	827.0	2
G2_425858	09	420	1009.0	2
G2_424372	09	430	958.0	2
G2_432065	09	400	821.0	2
G2_424337	09	395	833.0	2
G2_431809	09	390	799.0	2
G2_425372	09	395	776.0	2
G2_432002	09	410	859.0	2
G2_430317	09	430	1037.0	2
G2_424446	09	385	661.0	2
G2_430225	09	400	770.0	2
G2_431319	09	420	975.0	2
G2_430480	09	390	800.0	2
G2_425971	09	425	1010.0	2
G2_424694	09	380	707.0	2
G2_431874	09	445	1118.0	2
G2_424974	09	280	215.0	2
G2_432082	09	400	864.0	2
G2_425177	09	260	615.0	2
G2_431628	09	425	877.0	2
G2_424286	09	435	976.0	2
G2_425263	09	435	955.0	2
G2_424227	09	415	808.0	2
G2_425292	09	400	818.0	2
G2_431759	09	435	1080.0	2
G2_432177	09	390	775.0	2
G2_430745	09	425	918.0	2
G2_432129	09	405	854.0	2
G2_431845	09	415	1034.0	2
G2_425173	09	435	1048.0	2
G2_426123	09	425	1009.0	2
G2_431510	09	375	612.0	2
G2_424223	09	430	1141.0	2
G2_425636	09	435	1101.0	2
G2_431248	09	445	1181.0	2
G2_425763	09	400	750.0	2
G2_430237	09	405	825.0	2
G2_425728	09	385	699.0	2
G2_426045	09	425	1023.0	2
G2_431935	09	430	949.0	2
G2_424679	09	390	641.0	2
G2_431681	09	400	851.0	2
G2_425167	09	380	686.0	2
G2_431413	09	395	838.0	2
G2_425988	09	420	898.0	2
G2_425700	09	385	758.0	2
G2_432054	09	410	821.0	2
G2_430871	09	400	807.0	2
G2_425230	09	460	1235.0	2
G2_426092	09	435	1092.0	2
G2_424764	09	400	784.0	2
G2_432146	09	400	776.0	2
G2_425544	09	425	982.0	2
G2_431437	09	405	844.0	2
G2_431563	09	380	736.0	2
G2_432095	09	380	705.0	2
G2_431407	09	405	832.0	2
G2_430704	09	425	910.0	2
G2_430505	09	450	1156.0	2
G2_7402367	09	380	716.0	2
G2_424276	09	405	838.0	2
G2_425530	09	435	993.0	2
G2_432145	09	390	746.0	2
G2_425203	09	420	921.0	2
G2_424775	09	405	862.0	2
G2_424349	09	405	838.0	2
G2_430776	09	430	901.0	2
G2_431530	09	370	634.0	2
G2_424279	09	405	927.0	2
G2_425831	09	400	841.0	2
G2_430724	09	360	556.0	2
G2_431692	09	355	660.0	2
G2_424417	09	385	725.0	2
G2_430448	09	335	508.0	2
G2_430252	09	425	957.0	2
G2_425327	09	265	192.0	2
G2_425845	09	395	893.0	2
G2_424766	09	425	976.0	2
G2_425865	09	405	798.0	2
G2_7091763	09	410	914.0	2
G2_424222	09	390	747.0	2
G2_425030	09	390	734.0	2
G2_430738	09	395	673.0	2
G2_424230	09	420	982.0	2
G2_430369	09	405	837.0	2
G2_431429	09	410	795.0	2
G2_430678	09	435	1136.0	2
G2_430838	09	415	825.0	2
G2_424361	09	395	740.0	2
G2_431965	09	405	822.0	2
G2_431747	09	375	663.0	2
G2_430938	09	355	540.0	2
G2_425215	09	415	902.0	2
G2_431925	09	425	844.0	2
G2_424925	09	435	1023.0	2
G2_431664	09	365	608.0	2
G2_431422	09	390	751.0	2
G2_431832	09	425	941.0	2
G2_424562	09	440	1060.0	2
G2_425460	09	405	764.0	2
G2_432080	09	385	1037.0	2
G2_425210	09	405	864.0	2
G2_430821	09	390	729.0	2
G2_431033	09	435	934.0	2
G2_426030	09	410	916.0	2
G2_425993	09	355	566.0	2
G2_425625	09	420	1089.0	2
G2_424865	09	280	215.0	2
G2_430543	09	420	903.0	2
G2_431579	09	400	915.0	2
G2_424741	09	405	863.0	2
G2_426165	09	385	719.0	2
G2_430668	09	435	1079.0	2
G2_431764	09	355	494.0	2
G2_431677	09	430	1007.0	2
G2_431478	09	420	909.0	2
G2_430588	09	380	604.0	2
G2_424431	09	375	724.0	2
G2_425815	09	405	858.0	2
G2_430287	09	445	963.0	2
G2_430590	09	420	865.0	2
G2_7402294	09	415	886.0	2
G2_431052	09	405	922.0	2
G2_425145	09	380	742.0	2
G2_431329	09	405	939.0	2
G2_424346	09	395	855.0	2
G2_432196	09	370	882.0	2
G2_426171	09	435	1080.0	2
G2_7091757	09	415	875.0	2
G2_424505	09	430	1075.0	2
G2_425038	09	390	643.0	2
G2_7091755	09	325	453.0	2
G2_425326	09	425	921.0	2
G2_425745	09	435	1077.0	2
G2_430809	09	410	836.0	2
G2_431226	09	440	1006.0	2
G2_430300	09	445	1196.0	2
G2_431462	09	410	801.0	2
G2_431157	09	410	843.0	2
G2_431543	09	385	785.0	2
G2_425623	09	400	890.0	2
G2_431971	09	420	930.0	2
G2_432070	09	375	733.0	2
G2_431010	09	345	488.0	2
G2_424717	09	370	653.0	2
G2_432199	09	375	629.0	2
G2_426062	09	445	1209.0	2
G2_425494	09	420	906.0	2
G2_426072	09	410	901.0	2
G2_431441	09	380	734.0	2
G2_432190	09	415	810.0	2
G2_430291	09	445	1102.0	2
G2_432091	09	420	1000.0	2
G2_430462	09	395	654.0	2
G2_431518	09	420	944.0	2
G2_431963	09	420	959.0	2
G2_426145	09	405	876.0	2
G2_424438	09	450	1083.0	2
G2_430376	09	420	943.0	2
G2_424326	09	400	885.0	2
G2_425318	09	410	900.0	2
G2_424285	09	415	978.0	2
G2_431581	09	420	942.0	2
G2_430272	09	400	853.0	2
G2_430391	09	380	666.0	2
G2_425294	09	420	948.0	2
G2_425323	09	420	848.0	2
G2_426113	09	405	865.0	2
G2_430579	09	285	245.0	2
G2_431657	09	390	774.0	2
G2_424551	09	405	823.0	2
G2_432072	09	395	813.0	2
G2_430812	09	420	883.0	2
G2_426004	09	385	736.0	2
G2_424944	09	420	1022.0	2
G2_431130	09	405	966.0	2
G2_431501	09	420	1155.0	2
G2_432052	09	440	1063.0	2
G2_425443	09	420	906.0	2
G2_430406	09	370	693.0	2
G2_425018	09	380	680.0	2
G2_430849	09	415	978.0	2
G2_425563	09	420	1057.0	2
G2_425045	09	400	831.0	2
G2_432104	09	395	762.0	2
G2_430929	09	400	955.0	2
G2_431599	09	435	1073.0	2
G2_431806	09	395	720.0	2
G2_430247	09	420	902.0	2
G2_424987	09	370	585.0	2
G2_430731	09	430	1015.0	2
G2_424586	09	420	966.0	2
G2_430352	09	425	990.0	2
G2_425932	09	410	884.0	2
G2_430215	09	445	1035.0	2
G2_430901	09	390	740.0	2
G2_431951	09	405	809.0	2
G2_432180	09	400	852.0	2
G2_430489	09	375	760.0	2
G2_424299	09	415	881.0	2
G2_431110	09	425	903.0	2
G2_425134	09	340	410.0	2
G2_424996	09	390	668.0	2
G2_432144	09	435	1039.0	2
G2_431827	09	410	867.0	2
G2_424568	09	400	772.0	2
G2_430535	09	410	809.0	2
G2_430839	09	435	1118.0	2
G2_430337	09	410	934.0	2
G2_432030	09	370	642.0	2
G2_424590	09	435	1070.0	2
G2_424359	09	410	859.0	2
G2_431440	09	440	963.0	2
G2_425799	09	410	865.0	2
G2_431630	09	415	858.0	2
G2_430640	09	390	767.0	2
G2_431774	09	410	968.0	2
G2_430940	09	400	863.0	2
G2_424648	09	395	749.0	2
G2_7800967	09	285	246.0	2
G2_431761	09	410	864.0	2
G2_425850	09	375	593.0	2
G2_426175	09	400	738.0	2
G2_426089	09	280	220.0	2
G2_430814	09	275	202.0	2
G2_425306	09	460	1334.0	2
G2_424692	09	410	809.0	2
G2_432039	09	420	948.0	2
G2_425165	09	435	944.0	2
G2_424990	09	450	1155.0	2
G2_425595	09	410	915.0	2
G2_431863	09	425	960.0	2
G2_430876	09	410	871.0	2
G2_431352	09	405	905.0	2
G2_430659	09	380	643.0	2
G2_431344	09	400	798.0	2
G2_426161	09	390	772.0	2
G2_425366	09	405	810.0	2
G2_431659	09	400	813.0	2
G2_426129	09	405	942.0	2
G2_425264	09	370	611.0	2
G2_431852	09	400	735.0	2
G2_431249	09	380	757.0	2
G2_431067	09	465	1213.0	2
G2_430469	09	415	920.0	2
G2_425349	09	405	825.0	2
G2_430894	09	420	936.0	2
G2_430328	09	390	860.0	2
G2_431644	09	390	759.0	2
G2_425810	09	420	992.0	2
G2_424633	09	415	919.0	2
G2_431425	09	435	964.0	2
G2_425630	09	305	299.0	2
G2_425368	09	385	780.0	2
G2_431198	09	400	783.0	2
G2_425491	09	395	810.0	2
G2_425163	09	420	824.0	2
G2_426133	09	415	891.0	2
G2_431125	09	405	849.0	2
G2_430988	09	395	861.0	2
G2_431285	09	380	610.0	2
G2_431477	09	440	1021.0	2
G2_424621	09	370	695.0	2
G2_431634	09	415	819.0	2
G2_431133	09	370	687.0	2
G2_431069	09	385	756.0	2
G2_425172	09	400	740.0	2
G2_424601	09	400	937.0	2
G2_431636	09	400	905.0	2
G2_426076	09	400	923.0	2
G2_431292	09	440	965.0	2
G2_431431	09	420	992.0	2
G2_424559	09	420	1009.0	2
G2_431552	09	435	1123.0	2
G2_425162	09	400	883.0	2
G2_425599	09	395	954.0	2
G2_431898	09	435	1024.0	2
G2_431377	09	410	876.0	2
G2_430236	09	390	726.0	2
G2_430785	09	395	812.0	2
G2_430530	09	440	1247.0	2
G2_431955	09	420	819.0	2
G2_425458	09	385	736.0	2
G2_425879	09	435	1061.0	2
G2_425217	09	450	1234.0	2
G2_430390	09	395	783.0	2
G2_424537	09	425	993.0	2
G2_424555	09	385	716.0	2
G2_431610	09	410	900.0	2
G2_431473	09	400	854.0	2
G2_424565	09	400	781.0	2
G2_425890	09	385	687.0	2
G2_430525	09	380	790.0	2
G2_425621	09	410	927.0	2
G2_430578	09	405	884.0	2
G2_430378	09	395	763.0	2
G2_425806	09	345	485.0	2
G2_426027	09	370	713.0	2
G2_430625	09	395	743.0	2
G2_7800889	09	400	770.0	2
G2_425476	09	390	739.0	2
G2_424256	09	420	895.0	2
G2_430996	09	440	1086.0	2
G2_430980	09	420	940.0	2
G2_425058	09	365	679.0	2
G2_425454	09	410	834.0	2
G2_425825	09	435	1068.0	2
G2_424364	09	390	775.0	2
G2_430734	09	395	815.0	2
G2_424628	09	425	934.0	2
G2_430675	09	375	663.0	2
G2_424360	09	355	572.0	2
G2_424888	09	355	494.0	2
G2_425785	09	390	671.0	2
G2_432051	09	395	775.0	2
G2_424638	09	395	933.0	2
G2_431144	09	410	864.0	2
G2_425857	09	405	959.0	2
G2_425351	09	410	970.0	2
G2_7091778	09	415	867.0	2
G2_425502	09	365	553.0	2
G2_431601	09	385	710.0	2
G2_7800926	09	400	826.0	2
G2_432141	09	400	794.0	2
G2_426134	09	350	559.0	2
G2_424485	09	300	254.0	2
G2_424726	09	410	965.0	2
G2_431815	09	400	845.0	2
G2_7801203	09	375	640.0	2
G2_425275	09	420	961.0	2
G2_432117	09	435	1054.0	2
G2_431003	09	395	792.0	2
G2_425782	09	425	1031.0	2
G2_430658	09	405	807.0	2
G2_431076	09	415	845.0	2
G2_431960	09	395	730.0	2
G2_431019	09	420	878.0	2
G2_430892	09	445	1078.0	2
G2_425186	09	390	730.0	2
G2_432184	09	410	960.0	2
G2_431825	09	370	682.0	2
G2_430296	09	390	726.0	2
G2_424449	09	390	729.0	2
G2_425668	09	405	787.0	2
G2_424275	09	375	677.0	2
G2_431428	09	420	947.0	2
G2_425453	09	410	815.0	2
G2_431631	09	405	842.0	2
G2_425336	09	415	967.0	2
G2_431617	09	315	302.0	2
G2_424225	09	410	942.0	2
G2_430207	09	445	1063.0	2
G2_431283	09	390	777.0	2
G2_432009	09	475	1183.0	2
G2_431311	09	405	929.0	2
G2_431492	09	390	725.0	2
G2_425588	09	310	301.0	2
G2_431872	09	400	854.0	2
G2_431782	09	420	918.0	2
G2_431684	09	395	708.0	2
G2_425391	09	415	838.0	2
G2_431315	09	420	904.0	2
G2_431937	09	385	606.0	2
G2_425102	09	405	832.0	2
G2_431919	09	460	1179.0	2
G2_431840	09	320	380.0	2
G2_424881	09	435	1104.0	2
G2_426186	09	400	883.0	2
G2_425179	09	410	765.0	2
G2_424744	09	415	790.0	2
G2_424504	09	300	326.0	2
G2_430351	09	355	560.0	2
G2_432183	09	420	855.0	2
G2_431611	09	370	696.0	2
G2_425083	09	425	991.0	2
G2_424984	09	400	816.0	2
G2_431401	09	405	832.0	2
G2_430762	09	410	863.0	2
G2_425719	09	405	865.0	2
G2_430561	09	425	1028.0	2
G2_430789	09	275	224.0	2
G2_432105	09	415	836.0	2
G2_425199	09	440	1183.0	2
G2_425930	09	410	936.0	2
G2_425994	09	420	947.0	2
G2_425042	09	275	254.0	2
G2_432012	09	305	318.0	2
G2_431244	09	430	1003.0	2
G2_431534	09	405	840.0	2
G2_426069	09	375	764.0	2
G2_430780	09	415	940.0	2
G2_424500	09	415	828.0	2
G2_426029	09	390	719.0	2
G2_431687	09	405	863.0	2
G2_424233	09	385	803.0	2
G2_424729	09	295	248.0	2
G2_431789	09	390	791.0	2
G2_425485	09	400	754.0	2
G2_425915	09	405	840.0	2
G2_425032	09	385	810.0	2
G2_426013	09	410	898.0	2
G2_425157	09	390	846.0	2
G2_431660	09	415	853.0	2
G2_432160	09	295	256.0	2
G2_426157	09	305	313.0	2
G2_430294	09	400	881.0	2
G2_7801101	09	405	815.0	2
G2_431847	09	415	846.0	2
G2_424913	09	420	856.0	2
G2_425998	09	430	1022.0	2
G2_424454	09	395	870.0	2
G2_424737	09	315	330.0	2
G2_425698	09	410	939.0	2
G2_431967	09	285	245.0	2
G2_7800956	09	430	995.0	2
G2_424736	09	405	802.0	2
G2_430495	09	270	199.0	2
G2_425828	09	305	243.0	2
G2_431812	09	265	200.0	2
G2_425835	09	435	999.0	2
G2_430261	09	310	307.0	2
G2_424871	09	435	972.0	2
G2_430692	09	390	699.0	2
G2_431819	09	420	869.0	2
G2_7801061	09	390	793.0	2
G2_424597	09	415	954.0	2
G2_425413	09	410	1035.0	2
G2_430439	09	395	815.0	2
G2_424874	09	300	259.0	2
G2_430565	09	415	926.0	2
G2_425428	09	410	826.0	2
G2_430325	09	280	223.0	2
G2_7801035	09	415	820.0	2
G2_425908	09	410	781.0	2
G2_431613	09	405	878.0	2
G2_425770	09	405	803.0	2
G2_431765	09	425	1004.0	2
G2_431545	09	435	1072.0	2
G2_431821	09	425	925.0	2
G2_430562	09	305	309.0	2
G2_426206	09	395	744.0	2
G2_430819	09	405	762.0	2
G2_425133	09	295	280.0	2
G2_425232	09	400	827.0	2
G2_432110	09	390	755.0	2
G2_430905	09	420	921.0	2
G2_425282	09	380	672.0	2
G2_425964	09	405	967.0	2
G2_425064	09	395	802.0	2
G2_431980	09	295	262.0	2
G2_431184	09	275	206.0	2
G2_424680	09	425	968.0	2
G2_425268	09	400	820.0	2
G2_424716	09	265	288.0	2
G2_425618	09	425	915.0	2
G2_431164	09	365	516.0	2
G2_430939	09	295	265.0	2
G2_430581	09	275	218.0	2
G2_431119	09	365	707.0	2
G2_431890	09	405	794.0	2
G2_424689	09	435	1059.0	2
G2_430747	09	405	765.0	2
G2_430906	09	430	935.0	2
G2_425721	09	325	387.0	2
G2_431964	09	290	255.0	2
G2_430902	09	425	943.0	2
G2_431117	09	265	212.0	2
G2_425197	09	375	571.0	2
G2_431084	09	420	1045.0	2
G2_431360	09	295	259.0	2
G2_424442	09	285	228.0	2
G2_424528	09	390	808.0	2
G2_425875	09	395	791.0	2
G2_431487	09	410	901.0	2
G2_425123	09	380	663.0	2
G2_426172	09	420	928.0	2
G2_431216	09	405	876.0	2
G2_430899	09	410	993.0	2
G2_431178	09	405	808.0	2
G2_424539	09	420	1028.0	2
G2_424526	09	390	889.0	2
G2_431453	09	435	1055.0	2
G2_425309	09	285	243.0	2
G2_430806	09	305	293.0	2
G2_430506	09	325	373.0	2
G2_424807	09	360	557.0	2
G2_425772	09	395	789.0	2
G2_425086	09	305	293.0	2
G2_431784	14	350	461.0	2
G2_432064	14	410	1023.0	2
G2_425701	14	398	820.0	2
G2_431797	14	290	256.0	2
G2_431833	14	405	870.0	2
G2_432045	14	398	688.0	2
G2_426065	14	415	935.0	2
G2_425343	14	305	319.0	2
G2_425174	14	310	312.0	2
G2_431493	14	390	831.0	2